437
448.9
461.3
477.3
492.3
507.4
523.4
538.8
554.2
569.5
584.7
600.1
615.7
631.3
646.6
661.7
676.9
692.4
707.8
722.9
738.1
753.4
768.5
783.5
798.8
814.1
829.2
844.4
859.8
875
872.6
890.3
905.6
922.2
938
953.6
969.3
984.8
1000.9
1016.5
1032
1047.5
1063
1078
1093.1
1108
1122.9
1137.6
1152.2
1166.7
1181.4
1196.1
1210.3
1224.5
1238.7
1253.2
1267.3
1281.4
1295.4
1309.4
1323.6
1336.8
1406.4
1420.6
1434.4
1448.5
1462.6
1476.6
1490.3
1503.9
1517.2
1530.7
1544.1
1557.6
1570.6
1583.5
1596.5
1609.5
1622.3
1635.1
1647.8
1660.3
1672.7
1685.1
1697.5
1709.9
1722.1
1734.1
1746.5
1758.4
1770.3
1782.2
1794
1805.7
1951.6
1970.7
1989.5
2008.2
2027.1
2045.9
2064.5
2082.7
2100.8
2118.7
2136.7
2154.7
2172.2
2189.2
2206.6
2224.8
2241.7
2259.4
2276.6
2293.5
2310
2326.3
2342.8
2359.7
2375.8
2391.8
2407.6
2423.6
2439.3
2455
2470.5
