400.000000	104.684210
401.000000	104.684210
402.000000	104.684210
403.000000	104.684210
404.000000	104.684210
405.000000	100.048560
406.000000	95.412914
407.000000	90.812581
408.000000	86.212248
409.000000	81.647228
410.000000	77.082208
411.000000	72.552502
412.000000	68.022795
413.000000	63.528402
414.000000	59.034010
415.000000	56.195930
416.000000	53.357849
417.000000	50.541890
418.000000	47.725931
419.000000	44.932095
420.000000	42.138258
421.000000	39.366544
422.000000	36.594830
423.000000	33.845238
424.000000	31.095645
425.000000	29.808688
426.000000	28.521731
427.000000	27.244930
428.000000	25.968129
429.000000	24.701484
430.000000	23.434840
431.000000	22.178351
432.000000	20.921862
433.000000	19.675530
434.000000	18.429198
435.000000	17.848598
436.000000	17.267998
437.000000	16.691993
438.000000	16.115988
439.000000	15.544578
440.000000	14.973168
441.000000	14.406353
442.000000	13.839539
443.000000	13.277319
444.000000	12.715099
445.000000	12.335614
446.000000	11.956129
447.000000	11.579695
448.000000	11.203262
449.000000	10.829880
450.000000	10.456497
451.000000	10.086166
452.000000	9.715835
453.000000	9.348555
454.000000	8.981275
455.000000	8.773125
456.000000	8.564976
457.000000	8.358495
458.000000	8.152015
459.000000	7.947202
460.000000	7.742390
461.000000	7.539246
462.000000	7.336102
463.000000	7.134627
464.000000	6.933152
465.000000	6.918405
466.000000	6.903659
467.000000	6.888905
468.000000	6.874150
469.000000	6.859388
470.000000	6.844626
471.000000	6.829855
472.000000	6.815085
473.000000	6.800307
474.000000	6.785528
475.000000	6.760428
476.000000	6.735327
477.000000	6.710314
478.000000	6.685302
479.000000	6.660376
480.000000	6.635451
481.000000	6.610613
482.000000	6.585775
483.000000	6.561025
484.000000	6.536275
485.000000	6.526569
486.000000	6.516863
487.000000	6.496871
488.000000	6.476880
489.000000	6.456932
490.000000	6.436984
491.000000	6.417079
492.000000	6.397174
493.000000	6.377312
494.000000      6.367381
495.000000	6.357450
496.000000	6.336568
497.000000	6.315686
498.000000	6.294857
499.000000	6.274028
500.000000	6.253253
501.000000	6.232478
502.000000	6.211756
503.000000	6.191034
504.000000	6.170366
505.000000	6.149698
506.000000	6.130226
507.000000	6.110755
508.000000	6.091325
509.000000	6.052508
510.000000	6.033121
511.000000	6.013776
512.000000	5.994431
513.000000	5.975128
514.000000	5.955825
515.000000	5.936754
516.000000	5.917683
517.000000	5.898652
518.000000	5.879621
519.000000	5.860630
520.000000	5.841640
521.000000	5.822689
522.000000	5.803739
523.000000	5.784829
524.000000	5.765919
525.000000	5.745764
526.000000	5.725609
527.000000	5.705508
528.000000	5.685407
529.000000	5.665360
530.000000	5.645312
531.000000	5.625318
532.000000	5.605325
533.000000	5.585385
534.000000	5.565445
535.000000	5.546667
536.000000	5.527889
537.000000	5.509153
538.000000	5.490417
539.000000	5.471722
540.000000	5.453028
541.000000	5.434375
542.000000	5.415723
543.000000	5.397112
544.000000	5.378501
545.000000	5.360759
546.000000	5.343017
547.000000	5.325307
548.000000	5.307597
549.000000	5.289920
550.000000	5.272243
551.000000	5.254598
552.000000	5.236954
553.000000	5.219342
554.000000	5.201730
555.000000	5.183476
556.000000	5.165221
557.000000	5.147007
558.000000	5.128793
559.000000	5.110619
560.000000	5.092445
561.000000	5.074311
562.000000	5.056177
563.000000	5.038084
564.000000	5.019991
565.000000	5.002032
566.000000	4.984073
567.000000	4.966154
568.000000	4.948234
569.000000	4.930354
570.000000	4.912473
571.000000      4.903553
572.000000	4.894632
573.000000	4.876791
574.000000	4.858989
575.000000	4.841187
576.000000	4.823252
577.000000	4.805318
578.000000	4.787424
579.000000	4.769531
580.000000	4.751679
581.000000	4.733827
582.000000	4.716016
583.000000	4.698205
584.000000	4.680435
585.000000	4.662666
586.000000	4.645230
587.000000	4.627795
588.000000	4.610397
589.000000	4.592999
590.000000	4.575639
591.000000	4.558279
592.000000	4.540957
593.000000	4.523634
594.000000	4.506349
595.000000	4.489065
596.000000	4.471764
597.000000	4.454464
598.000000	4.437201
599.000000	4.419939
600.000000	4.402715
601.000000	4.385491
602.000000	4.351120
603.000000	4.333973
604.000000	4.316826
605.000000	4.299404
606.000000	4.281983
607.000000	4.264605
608.000000	4.247226
609.000000	4.229890
610.000000	4.212553
611.000000	4.195260
612.000000	4.177966
613.000000	4.160715
614.000000	4.143463
615.000000	4.126702
616.000000	4.109941
617.000000	4.093216
618.000000	4.076491
619.000000	4.059802
620.000000	4.043114
621.000000	4.026462
622.000000	4.009809
623.000000	3.993193
624.000000	3.976577
625.000000	3.958569
626.000000	3.940561
627.000000	3.922610
628.000000	3.904658
629.000000	3.886763
630.000000	3.868869
631.000000	3.851030
632.000000	3.833192
633.000000	3.815410
634.000000	3.797629
635.000000	3.781833
636.000000	3.766038
637.000000	3.750271
638.000000	3.734504
639.000000	3.718765
640.000000	3.703026
641.000000	3.687315
642.000000	3.671604
643.000000	3.655921
644.000000	3.640239
645.000000	3.624189
646.000000	3.608140
647.000000	3.592125
648.000000	3.576109
649.000000	3.560128
650.000000	3.544147
651.000000	3.528201
652.000000	3.512254
653.000000	3.496341
654.000000	3.480429
655.000000	3.462780
656.000000	3.445131
657.000000	3.427544
658.000000	3.409957
659.000000	3.392433
660.000000	3.374909
661.000000	3.357447
662.000000	3.339985
663.000000	3.322586
664.000000	3.305186
665.000000	3.289289
666.000000	3.273392
667.000000	3.257534
668.000000	3.241675
669.000000	3.225856
670.000000	3.210036
671.000000	3.194254
672.000000	3.178473
673.000000	3.162730
674.000000	3.146987
675.000000	3.130764
676.000000	3.114541
677.000000	3.098365
678.000000	3.082189
679.000000	3.066061
680.000000	3.049932
681.000000	3.033852
682.000000	3.017771
683.000000	3.001737
684.000000	2.985704
685.000000	2.967852
686.000000	2.949999
687.000000	2.932228
688.000000	2.914457
689.000000	2.896767
690.000000	2.879077
691.000000	2.861468
692.000000	2.843860
693.000000	2.826332
694.000000	2.808804
695.000000	2.790847
696.000000	2.772889
697.000000	2.755023
698.000000	2.737156
699.000000	2.719380
700.000000	2.701604
701.000000	2.683919
702.000000	2.666234
703.000000	2.648640
704.000000	2.631045
705.000000	2.613405
706.000000	2.595764
707.000000	2.578217
708.000000	2.560670
709.000000	2.543216
710.000000	2.525762
711.000000	2.521142
712.000000	2.516521
713.000000	2.511901
714.000000	2.507280
715.000000	2.500887
716.000000	2.494493
717.000000	2.488100
718.000000	2.481706
719.000000	2.475313
720.000000	2.468920
721.000000	2.462526
722.000000	2.456133
723.000000	2.449739
724.000000	2.443346
725.000000	2.438262
726.000000	2.433178
727.000000	2.428094
728.000000	2.423010
729.000000	2.417927
730.000000	2.412843
731.000000	2.407759
732.000000	2.402675
733.000000	2.397591
734.000000	2.392507
735.000000	2.388083
736.000000	2.383659
737.000000	2.379234
738.000000	2.374810
739.000000	2.370386
740.000000	2.365962
741.000000	2.361538
742.000000	2.357113
743.000000	2.352689
744.000000	2.348265
745.000000	2.343286
746.000000	2.338308
747.000000	2.333329
748.000000	2.328350
749.000000	2.323372
750.000000	2.318393
751.000000	2.313415
752.000000	2.308436
753.000000	2.303457
754.000000	2.298479
755.000000	2.296086
756.000000	2.293693
757.000000	2.290633
758.000000	2.287573
759.000000	2.284513
760.000000	2.281453
761.000000	2.278393
762.000000	2.275333
763.000000	2.272273
764.000000	2.269213
765.000000	2.266153
766.000000	2.263093
767.000000	2.260033
768.000000	2.256973
769.000000	2.253913
770.000000	2.250854
771.000000	2.247794
772.000000	2.244734
773.000000	2.241674
774.000000	2.238614
775.000000	2.235554
776.000000	2.232494
777.000000	2.229434
778.000000	2.226374
779.000000	2.223314
780.000000	2.220254
781.000000	2.217194
782.000000	2.214134
783.000000	2.211074
784.000000	2.208014
785.000000	2.204954
786.000000	2.201894
787.000000	2.198834
788.000000	2.195774
789.000000	2.192714
790.000000	2.189654
791.000000	2.186594
792.000000	2.183534
793.000000	2.180474
794.000000	2.177414
795.000000	2.174355
796.000000	2.171295
797.000000	2.168235
798.000000	2.165175
799.000000	2.162115
800.000000	2.159055
801.000000	2.158014
802.000000	2.156973
803.000000	2.155817
804.000000	2.154661
805.000000	2.153234
806.000000	2.151807
807.000000	2.149934
808.000000	2.148061
809.000000	2.145568
810.000000	2.143076
811.000000	2.139788
812.000000	2.136501
813.000000	2.132372
814.000000	2.128244
815.000000	2.123605
816.000000	2.118966
817.000000	2.114106
818.000000	2.109247
819.000000	2.104527
820.000000	2.099808
821.000000	2.095370
822.000000	2.090932
823.000000	2.086659
824.000000	2.082386
825.000000	2.078162
826.000000	2.073937
827.000000	2.069642
828.000000	2.065348
829.000000	2.060897
830.000000	2.056446
831.000000	2.051924
832.000000	2.047402
833.000000	2.042956
834.000000	2.038510
835.000000	2.034294
836.000000	2.030078
837.000000	2.026224
838.000000	2.022370
839.000000	2.018980
840.000000	2.015591
841.000000	2.012586
842.000000	2.009581
843.000000	2.006829
844.000000	2.004076
845.000000	2.001443
846.000000	1.998811
847.000000	1.996166
848.000000	1.993521
849.000000	1.990731
850.000000	1.987941
851.000000	1.984816
852.000000	1.981691
853.000000	1.978189
854.000000	1.974686
855.000000	1.970947
856.000000	1.967208
857.000000	1.963323
858.000000	1.959437
859.000000	1.955494
860.000000	1.951552
861.000000	1.947637
862.000000	1.943722
863.000000	1.939786
864.000000	1.935850
865.000000	1.931683
866.000000	1.927516
867.000000	1.922902
868.000000	1.918288
869.000000	1.913219
870.000000	1.908149
871.000000	1.902860
872.000000	1.897571
873.000000	1.892419
874.000000	1.887267
875.000000	1.882559
876.000000	1.877850
877.000000	1.873569
878.000000	1.869288
879.000000	1.865299
880.000000	1.861309
881.000000	1.857475
882.000000	1.853642
883.000000	1.849827
884.000000	1.846013
885.000000	1.841998
886.000000	1.837984
887.000000	1.833633
888.000000	1.829283
889.000000	1.824611
890.000000	1.819939
891.000000	1.814992
892.000000	1.810045
893.000000	1.804882
894.000000	1.799718
895.000000	1.794397
896.000000	1.789076
897.000000	1.783655
898.000000	1.778234
899.000000	1.772773
900.000000	1.767312
901.000000	1.761859
902.000000	1.756406
903.000000	1.750959
904.000000	1.745511
905.000000	1.739941
906.000000	1.734371
907.000000	1.728593
908.000000	1.722816
909.000000	1.716892
910.000000	1.710968
911.000000	1.705143
912.000000	1.699318
913.000000	1.693848
914.000000	1.688379
915.000000	1.683520
916.000000	1.678661
917.000000	1.674625
918.000000	1.670588
919.000000	1.667350
920.000000	1.664113
921.000000	1.665822
922.000000	1.667532
923.000000	1.669242
924.000000	1.670951
925.000000	1.672661
926.000000	1.674371
927.000000	1.676081
928.000000	1.677790
929.000000	1.679500
930.000000	1.681210
931.000000	1.682919
932.000000	1.684629
933.000000	1.686339
934.000000	1.688048
935.000000	1.689758
936.000000	1.691468
937.000000	1.693177
938.000000	1.694887
939.000000	1.696597
940.000000	1.698306
941.000000	1.700016
942.000000	1.701726
943.000000	1.703436
944.000000	1.705145
945.000000	1.706855
946.000000	1.708565
947.000000	1.710274
948.000000	1.711984
949.000000	1.713694
950.000000	1.715403
951.000000	1.717113
952.000000	1.718823
953.000000	1.720532
954.000000	1.722242
955.000000	1.723952
956.000000	1.725661
957.000000	1.727371
958.000000	1.729081
959.000000	1.730790
960.000000	1.732500
961.000000	1.734210
962.000000	1.735920
963.000000	1.737629
964.000000	1.739339
965.000000	1.741049
966.000000	1.742758
967.000000	1.744468
968.000000	1.746178
969.000000	1.747887
970.000000	1.749597
971.000000	1.751307
972.000000	1.753016
973.000000	1.754726
974.000000	1.756436
975.000000	1.758145
976.000000	1.759855
977.000000	1.761565
978.000000	1.763274
979.000000	1.764984
980.000000	1.766694
981.000000	1.768404
982.000000	1.770113
983.000000	1.771823
984.000000	1.773533
985.000000	1.775242
986.000000	1.776952
987.000000	1.778662
988.000000	1.780371
989.000000	1.782081
990.000000	1.783791
991.000000	1.785500
992.000000	1.787210
993.000000	1.788920
994.000000	1.790629
995.000000	1.792339
996.000000	1.794049
997.000000	1.795758
998.000000	1.797468
999.000000	1.799178
1000.000000	1.800888
1001.000000	1.802597
1002.000000	1.804307
1003.000000	1.806017
1004.000000	1.807726
1005.000000	1.809436
1006.000000	1.811146
1007.000000	1.812855
1008.000000	1.814565
1009.000000	1.816275
1010.000000	1.817984
1011.000000	1.819694
1012.000000	1.821404
1013.000000	1.823113
1014.000000	1.824823
1015.000000	1.826533
1016.000000	1.828243
1017.000000	1.829952
1018.000000	1.831662
1019.000000	1.833372
1020.000000	1.835081
1021.000000	1.836791
1022.000000	1.838501
1023.000000	1.840210
1024.000000	1.841920
1025.000000	1.843630
1026.000000	1.845339
1027.000000	1.847049
1028.000000	1.848759
1029.000000	1.850468
1030.000000	1.852178
1031.000000	1.853888
1032.000000	1.855597
1033.000000	1.857307
1034.000000	1.859017
1035.000000	1.860727
1036.000000	1.862436
1037.000000	1.864146
1038.000000	1.865856
1039.000000	1.867565
1040.000000	1.869275
1041.000000	1.870985
1042.000000	1.872694
1043.000000	1.874404
1044.000000	1.876114
1045.000000	1.877823
1046.000000	1.879533
1047.000000	1.881243
1048.000000	1.882952
1049.000000	1.884662
1050.000000	1.886372
1051.000000	1.888081
1052.000000	1.889791
1053.000000	1.891501
1054.000000	1.893211
1055.000000	1.894920
1056.000000	1.896630
1057.000000	1.898340
1058.000000	1.900049
1059.000000	1.901759
1060.000000	1.903469
1061.000000	1.924986
1062.000000	1.946504
1063.000000	1.967713
1064.000000	1.988922
1065.000000	2.009785
1066.000000	2.030649
1067.000000	2.051132
1068.000000	2.071616
1069.000000	2.091682
1070.000000	2.111749
1071.000000	2.131363
1072.000000	2.150977
1073.000000	2.170103
1074.000000	2.189229
1075.000000	2.207831
1076.000000	2.226433
1077.000000	2.244474
1078.000000	2.262516
1079.000000	2.279962
1080.000000	2.297408
1081.000000	2.314223
1082.000000	2.331037
1083.000000	2.347184
1084.000000	2.363330
1085.000000	2.378774
1086.000000	2.394217
1087.000000	2.408922
1088.000000	2.423626
1089.000000	2.437555
1090.000000	2.451484
1091.000000	2.464602
1092.000000	2.477720
1093.000000	2.489992
1094.000000	2.502263
1095.000000	2.513652
1096.000000	2.525041
1097.000000	2.535511
1098.000000	2.545981
1099.000000	2.555497
1100.000000	2.565013
1101.000000	2.557958
1102.000000	2.550903
1103.000000	2.543848
1104.000000	2.536793
1105.000000	2.540304
1106.000000	2.543815
1107.000000	2.547327
1108.000000	2.550838
1109.000000	2.554350
1110.000000	2.557861
1111.000000	2.561372
1112.000000	2.564884
1113.000000	2.568395
1114.000000	2.571907
1115.000000	2.572790
1116.000000	2.573674
1117.000000	2.574557
1118.000000	2.575440
1119.000000	2.576324
1120.000000	2.577207
1121.000000	2.578091
1122.000000	2.578974
1123.000000	2.579857
1124.000000	2.580741
1125.000000	2.585373
1126.000000	2.590005
1127.000000	2.594636
1128.000000	2.599268
1129.000000	2.603900
1130.000000	2.608532
1131.000000	2.613164
1132.000000	2.617796
1133.000000	2.622428
1134.000000	2.627060
1135.000000	2.633935
1136.000000	2.640809
1137.000000	2.647684
1138.000000	2.654559
1139.000000	2.661434
1140.000000	2.668309
1141.000000	2.675184
1142.000000	2.682059
1143.000000	2.688934
1144.000000	2.695809
1145.000000	2.706713
1146.000000	2.717617
1147.000000	2.728522
1148.000000	2.739426
1149.000000	2.750330
1150.000000	2.761235
1151.000000	2.772139
1152.000000	2.783044
1153.000000	2.793948
1154.000000	2.804852
1155.000000	2.790164
1156.000000	2.775475
1157.000000	2.760787
1158.000000	2.746098
1159.000000	2.731409
1160.000000	2.716721
1161.000000	2.702032
1162.000000	2.687344
1163.000000	2.672655
1164.000000	2.657967
1165.000000	2.696087
1166.000000	2.734208
1167.000000	2.772329
1168.000000	2.810450
1169.000000	2.848571
1170.000000	2.886691
1171.000000	2.924812
1172.000000	2.962933
1173.000000	3.001054
1174.000000	3.039175
1175.000000	3.051674
1176.000000	3.064173
1177.000000	3.076673
1178.000000	3.089172
1179.000000	3.101671
1180.000000	3.114171
1181.000000	3.126670
1182.000000	3.139170
1183.000000	3.151669
1184.000000	3.164168
1185.000000	3.161952
1186.000000	3.159735
1187.000000	3.157518
1188.000000	3.155301
1189.000000	3.153085
1190.000000	3.150868
1191.000000	3.148651
1192.000000	3.146435
1193.000000	3.144218
1194.000000	3.142001
1195.000000	3.139907
1196.000000	3.137813
1197.000000	3.135718
1198.000000	3.133624
1199.000000	3.131530
1200.000000	3.129436
1201.000000	3.127341
1202.000000	3.125247
1203.000000	3.123153
1204.000000	3.121059
1205.000000	3.114221
1206.000000	3.107383
1207.000000	3.100545
1208.000000	3.093707
1209.000000	3.086869
1210.000000	3.080031
1211.000000	3.073194
1212.000000	3.066356
1213.000000	3.059518
1214.000000	3.052680
1215.000000	3.034777
1216.000000	3.016874
1217.000000	2.998971
1218.000000	2.981067
1219.000000	2.963164
1220.000000	2.945261
1221.000000	2.927358
1222.000000	2.909455
1223.000000	2.891552
1224.000000	2.873649
1225.000000	2.866966
1226.000000	2.860283
1227.000000	2.853600
1228.000000	2.846917
1229.000000	2.840234
1230.000000	2.833551
1231.000000	2.826868
1232.000000	2.820185
1233.000000	2.813502
1234.000000	2.806819
1235.000000	2.799560
1236.000000	2.792302
1237.000000	2.785043
1238.000000	2.777784
1239.000000	2.770526
1240.000000	2.763267
1241.000000	2.756009
1242.000000	2.748750
1243.000000	2.741491
1244.000000	2.734233
1245.000000	2.727563
1246.000000	2.720893
1247.000000	2.714223
1248.000000	2.707554
1249.000000	2.700884
1250.000000	2.694214
1251.000000	2.687544
1252.000000	2.680874
1253.000000	2.674205
1254.000000	2.667535
1255.000000	2.675684
1256.000000	2.683833
1257.000000	2.691982
1258.000000	2.700132
1259.000000	2.708281
1260.000000	2.716430
1261.000000	2.724579
1262.000000	2.732728
1263.000000	2.740877
1264.000000	2.749026
1265.000000	2.738729
1266.000000	2.728432
1267.000000	2.718135
1268.000000	2.707838
1269.000000	2.697541
1270.000000	2.687244
1271.000000	2.676947
1272.000000	2.666650
1273.000000	2.656353
1274.000000	2.646056
1275.000000	2.633641
1276.000000	2.621227
1277.000000	2.608812
1278.000000	2.596397
1279.000000	2.583982
1280.000000	2.571567
1281.000000	2.559152
1282.000000	2.546738
1283.000000	2.534323
1284.000000	2.521908
1285.000000	2.523037
1286.000000	2.524165
1287.000000	2.525294
1288.000000	2.526423
1289.000000	2.527551
1290.000000	2.528680
1291.000000	2.529809
1292.000000	2.530938
1293.000000	2.532066
1294.000000	2.533195
1295.000000	2.533195
1296.000000	2.533195
1297.000000	2.533195
1298.000000	2.533195
1299.000000	2.533195
1300.000000	2.533195
1301.000000	2.533195
1302.000000	2.533195
1303.000000	2.533195
1304.000000	2.533195
1305.000000	2.529646
1306.000000	2.526096
1307.000000	2.522547
1308.000000	2.518998
1309.000000	2.515448
1310.000000	2.511899
1311.000000	2.508350
1312.000000	2.504800
1313.000000	2.501251
1314.000000	2.497702
1315.000000	2.497620
1316.000000	2.497539
1317.000000	2.497458
1318.000000	2.497377
1319.000000	2.497296
1320.000000	2.497215
1321.000000	2.497133
1322.000000	2.497052
1323.000000	2.496971
1324.000000	2.496890
1325.000000	2.497574
1326.000000	2.498258
1327.000000	2.498943
1328.000000	2.499627
1329.000000	2.500311
1330.000000	2.500996
1331.000000	2.501680
1332.000000	2.502364
1333.000000	2.503048
1334.000000	2.503733
1335.000000	2.513651
1336.000000	2.523570
1337.000000	2.533489
1338.000000	2.543408
1339.000000	2.553327
1340.000000	2.563245
1341.000000	2.573164
1342.000000	2.583083
1343.000000	2.593002
1344.000000	2.602920
1345.000000	2.615322
1346.000000	2.627723
1347.000000	2.640125
1348.000000	2.652526
1349.000000	2.664927
1350.000000	2.677329
1351.000000	2.689730
1352.000000	2.702131
1353.000000	2.714533
1354.000000	2.726934
1355.000000	2.743852
1356.000000	2.760770
1357.000000	2.777687
1358.000000	2.794605
1359.000000	2.811523
1360.000000	2.828440
1361.000000	2.845358
1362.000000	2.862276
1363.000000	2.879193
1364.000000	2.896111
1365.000000	2.908160
1366.000000	2.920208
1367.000000	2.932257
1368.000000	2.944306
1369.000000	2.956354
1370.000000	2.968403
1371.000000	2.980452
1372.000000	2.992500
1373.000000	3.004549
1374.000000	3.016598
1375.000000	3.021987
1376.000000	3.027376
1377.000000	3.032766
1378.000000	3.038155
1379.000000	3.043545
1380.000000	3.048934
1381.000000	3.054324
1382.000000	3.059713
1383.000000	3.065103
1384.000000	3.070492
1385.000000	3.082605
1386.000000	3.094719
1387.000000	3.106832
1388.000000	3.118945
1389.000000	3.131059
1390.000000	3.143172
1391.000000	3.155285
1392.000000	3.167399
1393.000000	3.179512
1394.000000	3.191625
1395.000000	3.209233
1396.000000	3.226841
1397.000000	3.244449
1398.000000	3.262056
1399.000000	3.279664
1400.000000	3.297272
1401.000000	3.314880
1402.000000	3.332487
1403.000000	3.350095
1404.000000	3.367703
1405.000000	3.425796
1406.000000	3.483889
1407.000000	3.541982
1408.000000	3.600076
1409.000000	3.658169
1410.000000	3.716262
1411.000000	3.774355
1412.000000	3.832449
1413.000000	3.890542
1414.000000	3.948635
1415.000000	4.040451
1416.000000	4.132266
1417.000000	4.224082
1418.000000	4.315897
1419.000000	4.407713
1420.000000	4.499528
1421.000000	4.591344
1422.000000	4.683159
1423.000000	4.774975
1424.000000	4.866791
1425.000000	4.963658
1426.000000	5.060525
1427.000000	5.157393
1428.000000	5.254260
1429.000000	5.351128
1430.000000	5.447995
1431.000000	5.544862
1432.000000	5.641730
1433.000000	5.738597
1434.000000	5.835465
1435.000000	5.897339
1436.000000	5.959213
1437.000000	6.021087
1438.000000	6.082961
1439.000000	6.144835
1440.000000	6.206710
1441.000000	6.268584
1442.000000	6.330458
1443.000000	6.392332
1444.000000	6.454206
1445.000000	6.483160
1446.000000	6.512115
1447.000000	6.541069
1448.000000	6.570023
1449.000000	6.598977
1450.000000	6.627931
1451.000000	6.656885
1452.000000	6.685839
1453.000000	6.714793
1454.000000	6.743748
1455.000000	6.762510
1456.000000	6.781273
1457.000000	6.800035
1458.000000	6.818798
1459.000000	6.837560
1460.000000	6.856323
1461.000000	6.875085
1462.000000	6.893848
1463.000000	6.912610
1464.000000	6.931373
1465.000000	6.939077
1466.000000	6.946781
1467.000000	6.954485
1468.000000	6.962189
1469.000000	6.969893
1470.000000	6.977596
1471.000000	6.985300
1472.000000	6.993004
1473.000000	7.000708
1474.000000	7.008412
1475.000000	7.005973
1476.000000	7.003533
1477.000000	7.001094
1478.000000	6.998654
1479.000000	6.996215
1480.000000	6.993776
1481.000000	6.991336
1482.000000	6.988897
1483.000000	6.986457
1484.000000	6.984018
1485.000000	6.999136
1486.000000	7.014254
1487.000000	7.029371
1488.000000	7.044489
1489.000000	7.059607
1490.000000	7.074725
1491.000000	7.089843
1492.000000	7.104961
1493.000000	7.120078
1494.000000	7.135196
1495.000000	7.133361
1496.000000	7.131527
1497.000000	7.129692
1498.000000	7.127858
1499.000000	7.126023
1500.000000	7.124188
1501.000000	7.122354
1502.000000	7.120519
1503.000000	7.118684
1504.000000	7.116850
1505.000000	7.104214
1506.000000	7.091578
1507.000000	7.078942
1508.000000	7.066306
1509.000000	7.053670
1510.000000	7.041034
1511.000000	7.028398
1512.000000	7.015762
1513.000000	7.003126
1514.000000	6.990490
1515.000000	6.980760
1516.000000	6.971030
1517.000000	6.961301
1518.000000	6.951571
1519.000000	6.941841
1520.000000	6.932111
1521.000000	6.922381
1522.000000	6.912652
1523.000000	6.902922
1524.000000	6.893192
1525.000000	6.873114
1526.000000	6.853036
1527.000000	6.832958
1528.000000	6.812880
1529.000000	6.792802
1530.000000	6.772723
1531.000000	6.752645
1532.000000	6.732567
1533.000000	6.712489
1534.000000	6.692411
1535.000000	6.686296
1536.000000	6.680181
1537.000000	6.674066
1538.000000	6.667951
1539.000000	6.661835
1540.000000	6.655720
1541.000000	6.649605
1542.000000	6.643490
1543.000000	6.637375
1544.000000	6.631260
1545.000000	6.631926
1546.000000	6.632592
1547.000000	6.633258
1548.000000	6.633925
1549.000000	6.634591
1550.000000	6.635257
1551.000000	6.635923
1552.000000	6.636589
1553.000000	6.637256
1554.000000	6.637922
1555.000000	6.629159
1556.000000	6.620396
1557.000000	6.611633
1558.000000	6.602871
1559.000000	6.594108
1560.000000	6.585345
1561.000000	6.576582
1562.000000	6.567819
1563.000000	6.559057
1564.000000	6.550294
1565.000000	6.548812
1566.000000	6.547329
1567.000000	6.545847
1568.000000	6.544365
1569.000000	6.542883
1570.000000	6.541401
1571.000000	6.539918
1572.000000	6.538436
1573.000000	6.536954
1574.000000	6.535472
1575.000000	6.536163
1576.000000	6.536854
1577.000000	6.537545
1578.000000	6.538237
1579.000000	6.538928
1580.000000	6.539619
1581.000000	6.540310
1582.000000	6.541001
1583.000000	6.541692
1584.000000	6.542384
1585.000000	6.533832
1586.000000	6.525280
1587.000000	6.516728
1588.000000	6.508176
1589.000000	6.499624
1590.000000	6.491072
1591.000000	6.482520
1592.000000	6.473968
1593.000000	6.465416
1594.000000	6.456864
1595.000000	6.438391
1596.000000	6.419917
1597.000000	6.401444
1598.000000	6.382970
1599.000000	6.364496
1600.000000	6.346023
1601.000000	6.327549
1602.000000	6.309076
1603.000000	6.290602
1604.000000	6.272129
1605.000000	6.252937
1606.000000	6.233745
1607.000000	6.214553
1608.000000	6.195361
1609.000000	6.176169
1610.000000	6.156977
1611.000000	6.137785
1612.000000	6.118594
1613.000000	6.099402
1614.000000	6.080210
1615.000000	6.063833
1616.000000	6.047456
1617.000000	6.031079
1618.000000	6.014702
1619.000000	5.998325
1620.000000	5.981948
1621.000000	5.965571
1622.000000	5.949194
1623.000000	5.932817
1624.000000	5.916440
1625.000000	5.908359
1626.000000	5.900278
1627.000000	5.892197
1628.000000	5.884116
1629.000000	5.876035
1630.000000	5.867954
1631.000000	5.859873
1632.000000	5.851792
1633.000000	5.843711
1634.000000	5.835630
1635.000000	5.827030
1636.000000	5.818430
1637.000000	5.809829
1638.000000	5.801229
1639.000000	5.792628
1640.000000	5.784028
1641.000000	5.775428
1642.000000	5.766827
1643.000000	5.758227
1644.000000	5.749626
1645.000000	5.755092
1646.000000	5.760558
1647.000000	5.766024
1648.000000	5.771490
1649.000000	5.776956
1650.000000	5.782422
1651.000000	5.787888
1652.000000	5.793354
1653.000000	5.798820
1654.000000	5.804286
1655.000000	5.824275
1656.000000	5.844264
1657.000000	5.864254
1658.000000	5.884243
1659.000000	5.904232
1660.000000	5.924221
1661.000000	5.944211
1662.000000	5.964200
1663.000000	5.984189
1664.000000	6.004178
1665.000000	6.042356
1666.000000	6.080534
1667.000000	6.118711
1668.000000	6.156889
1669.000000	6.195067
1670.000000	6.233245
1671.000000	6.271422
1672.000000	6.309600
1673.000000	6.347778
1674.000000	6.385955
1675.000000	6.431594
1676.000000	6.477232
1677.000000	6.522871
1678.000000	6.568509
1679.000000	6.614147
1680.000000	6.659785
1681.000000	6.705424
1682.000000	6.751062
1683.000000	6.796701
1684.000000	6.842339
1685.000000	6.909285
1686.000000	6.976230
1687.000000	7.043176
1688.000000	7.110122
1689.000000	7.177068
1690.000000	7.244013
1691.000000	7.310959
1692.000000	7.377905
1693.000000	7.444851
1694.000000	7.511796
1695.000000	7.569829
1696.000000	7.627862
1697.000000	7.685895
1698.000000	7.743927
1699.000000	7.801960
1700.000000	7.859993
1701.000000	7.918026
1702.000000	7.976059
1703.000000	8.034091
1704.000000	8.092124
1705.000000	8.134065
1706.000000	8.176006
1707.000000	8.217947
1708.000000	8.259888
1709.000000	8.301830
1710.000000	8.343771
1711.000000	8.385712
1712.000000	8.427653
1713.000000	8.469594
1714.000000	8.511535
1715.000000	8.546705
1716.000000	8.581876
1717.000000	8.617046
1718.000000	8.652217
1719.000000	8.687387
1720.000000	8.722558
1721.000000	8.757728
1722.000000	8.792898
1723.000000	8.828069
1724.000000	8.863239
1725.000000	8.867686
1726.000000	8.872133
1727.000000	8.876580
1728.000000	8.881027
1729.000000	8.885474
1730.000000	8.889921
1731.000000	8.894368
1732.000000	8.898815
1733.000000	8.903262
1734.000000	8.907709
1735.000000	8.869059
1736.000000	8.830409
1737.000000	8.791760
1738.000000	8.753110
1739.000000	8.714461
1740.000000	8.675811
1741.000000	8.637162
1742.000000	8.598512
1743.000000	8.559863
1744.000000	8.521213
1745.000000	8.510828
1746.000000	8.500444
1747.000000	8.490059
1748.000000	8.479674
1749.000000	8.469289
1750.000000	8.458905
1751.000000	8.448520
1752.000000	8.438135
1753.000000	8.427750
1754.000000	8.417366
1755.000000	8.400607
1756.000000	8.383849
1757.000000	8.367090
1758.000000	8.350332
1759.000000	8.333573
1760.000000	8.316815
1761.000000	8.300056
1762.000000	8.283298
1763.000000	8.266539
1764.000000	8.249781
1765.000000	8.216928
1766.000000	8.184074
1767.000000	8.151221
1768.000000	8.118367
1769.000000	8.085514
1770.000000	8.052660
1771.000000	8.019807
1772.000000	7.986953
1773.000000	7.954100
1774.000000	7.921246
1775.000000	7.891752
1776.000000	7.862257
1777.000000	7.832762
1778.000000	7.803268
1779.000000	7.773773
1780.000000	7.744278
1781.000000	7.714784
1782.000000	7.685289
1783.000000	7.655794
1784.000000	7.626300
1785.000000	7.601561
1786.000000	7.576822
1787.000000	7.552083
1788.000000	7.527344
1789.000000	7.502605
1790.000000	7.477867
1791.000000	7.453128
1792.000000	7.428389
1793.000000	7.403650
1794.000000	7.378911
1795.000000	7.365373
1796.000000	7.351835
1797.000000	7.338297
1798.000000	7.324759
1799.000000	7.311221
1800.000000	7.297683
1801.000000	7.284145
1802.000000	7.270607
1803.000000	7.257069
1804.000000	7.243531
1805.000000	7.231293
1806.000000	7.219056
1807.000000	7.206818
1808.000000	7.194580
1809.000000	7.182343
1810.000000	7.170105
1811.000000	7.157867
1812.000000	7.145629
1813.000000	7.133392
1814.000000	7.121154
1815.000000	7.108352
1816.000000	7.095549
1817.000000	7.082747
1818.000000	7.069944
1819.000000	7.057142
1820.000000	7.044339
1821.000000	7.031537
1822.000000	7.018734
1823.000000	7.005932
1824.000000	6.993129
1825.000000	6.971760
1826.000000	6.950390
1827.000000	6.929020
1828.000000	6.907650
1829.000000	6.886280
1830.000000	6.864910
1831.000000	6.843540
1832.000000	6.822171
1833.000000	6.800801
1834.000000	6.779431
1835.000000	6.760709
1836.000000	6.741987
1837.000000	6.723265
1838.000000	6.704544
1839.000000	6.685822
1840.000000	6.667100
1841.000000	6.648378
1842.000000	6.629656
1843.000000	6.610935
1844.000000	6.592213
1845.000000	6.576570
1846.000000	6.560927
1847.000000	6.545284
1848.000000	6.529641
1849.000000	6.513998
1850.000000	6.498355
1851.000000	6.482713
1852.000000	6.467070
1853.000000	6.451427
1854.000000	6.435784
1855.000000	6.408786
1856.000000	6.381788
1857.000000	6.354789
1858.000000	6.327791
1859.000000	6.300793
1860.000000	6.273795
1861.000000	6.246796
1862.000000	6.219798
1863.000000	6.192800
1864.000000	6.165802
1865.000000	6.147614
1866.000000	6.129427
1867.000000	6.111239
1868.000000	6.093051
1869.000000	6.074864
1870.000000	6.056676
1871.000000	6.038489
1872.000000	6.020301
1873.000000	6.002113
1874.000000	5.983926
1875.000000	5.965460
1876.000000	5.946994
1877.000000	5.928529
1878.000000	5.910063
1879.000000	5.891598
1880.000000	5.873132
1881.000000	5.854666
1882.000000	5.836201
1883.000000	5.817735
1884.000000	5.799269
1885.000000	5.840050
1886.000000	5.880830
1887.000000	5.921610
1888.000000	5.962391
1889.000000	6.003171
1890.000000	6.043952
1891.000000	6.084732
1892.000000	6.125512
1893.000000	6.166293
1894.000000	6.207073
1895.000000	6.430155
1896.000000	6.653236
1897.000000	6.876318
1898.000000	7.099400
1899.000000	7.322481
1900.000000	7.545563
1901.000000	7.768644
1902.000000	7.991726
1903.000000	8.214807
1904.000000	8.437889
1905.000000	8.615212
1906.000000	8.792535
1907.000000	8.969858
1908.000000	9.147181
1909.000000	9.324504
1910.000000	9.501826
1911.000000	9.679149
1912.000000	9.856472
1913.000000	10.033795
1914.000000	10.211118
1915.000000	10.400427
1916.000000	10.589736
1917.000000	10.779046
1918.000000	10.968355
1919.000000	11.157664
1920.000000	11.346973
1921.000000	11.536283
1922.000000	11.725592
1923.000000	11.914901
1924.000000	12.104210
1925.000000	12.177266
1926.000000	12.250321
1927.000000	12.323376
1928.000000	12.396431
1929.000000	12.469486
1930.000000	12.542542
1931.000000	12.615597
1932.000000	12.688652
1933.000000	12.761707
1934.000000	12.834763
1935.000000	12.818877
1936.000000	12.802992
1937.000000	12.787107
1938.000000	12.771221
1939.000000	12.755335
1940.000000	12.739449
1941.000000	12.723564
1942.000000	12.707678
1943.000000	12.691793
1944.000000	12.675907
1945.000000	12.686011
1946.000000	12.696115
1947.000000	12.706219
1948.000000	12.716324
1949.000000	12.726428
1950.000000	12.736532
1951.000000	12.746637
1952.000000	12.756741
1953.000000	12.766845
1954.000000	12.776949
1955.000000	12.726026
1956.000000	12.675102
1957.000000	12.624178
1958.000000	12.573255
1959.000000	12.522332
1960.000000	12.471409
1961.000000	12.420485
1962.000000	12.369562
1963.000000	12.318639
1964.000000	12.267715
1965.000000	12.250280
1966.000000	12.232844
1967.000000	12.215408
1968.000000	12.197973
1969.000000	12.180537
1970.000000	12.163101
1971.000000	12.145665
1972.000000	12.128230
1973.000000	12.110795
1974.000000	12.093359
1975.000000	12.086177
1976.000000	12.078996
1977.000000	12.071815
1978.000000	12.064633
1979.000000	12.057451
1980.000000	12.050270
1981.000000	12.043088
1982.000000	12.035907
1983.000000	12.028726
1984.000000	12.021544
1985.000000	11.995605
1986.000000	11.969666
1987.000000	11.943727
1988.000000	11.917788
1989.000000	11.891849
1990.000000	11.865911
1991.000000	11.839972
1992.000000	11.814033
1993.000000	11.788094
1994.000000	11.762155
1995.000000	11.770456
1996.000000	11.778757
1997.000000	11.787058
1998.000000	11.795359
1999.000000	11.803659
2000.000000	11.811960
2001.000000	11.820261
2002.000000	11.828562
2003.000000	11.836863
2004.000000	11.845164
2005.000000	11.910255
2006.000000	11.975347
2007.000000	12.040439
2008.000000	12.105530
2009.000000	12.170622
2010.000000	12.235714
2011.000000	12.300805
2012.000000	12.365897
2013.000000	12.430988
2014.000000	12.496080
2015.000000	12.597575
2016.000000	12.699070
2017.000000	12.800565
2018.000000	12.902060
2019.000000	13.003555
2020.000000	13.105050
2021.000000	13.206545
2022.000000	13.308040
2023.000000	13.409535
2024.000000	13.511030
2025.000000	13.675137
2026.000000	13.839244
2027.000000	14.003351
2028.000000	14.167458
2029.000000	14.331565
2030.000000	14.495672
2031.000000	14.659779
2032.000000	14.823886
2033.000000	14.987993
2034.000000	15.152100
2035.000000	15.349408
2036.000000	15.546716
2037.000000	15.744025
2038.000000	15.941333
2039.000000	16.138641
2040.000000	16.335949
2041.000000	16.533257
2042.000000	16.730566
2043.000000	16.927874
2044.000000	17.125182
2045.000000	17.333818
2046.000000	17.542454
2047.000000	17.751091
2048.000000	17.959727
2049.000000	18.168363
2050.000000	18.376999
2051.000000	18.585636
2052.000000	18.794272
2053.000000	19.002908
2054.000000	19.211544
2055.000000	19.389334
2056.000000	19.567124
2057.000000	19.744915
2058.000000	19.922705
2059.000000	20.100495
2060.000000	20.278285
2061.000000	20.456076
2062.000000	20.633866
2063.000000	20.811656
2064.000000	20.989446
2065.000000	21.055664
2066.000000	21.121883
2067.000000	21.188102
2068.000000	21.254321
2069.000000	21.320540
2070.000000	21.386758
2071.000000	21.452977
2072.000000	21.519196
2073.000000	21.585414
2074.000000	21.651633
2075.000000	21.698410
2076.000000	21.745187
2077.000000	21.791964
2078.000000	21.838741
2079.000000	21.885517
2080.000000	21.932294
2081.000000	21.979071
2082.000000	22.025848
2083.000000	22.072625
2084.000000	22.119402
2085.000000	22.178928
2086.000000	22.238455
2087.000000	22.297981
2088.000000	22.357507
2089.000000	22.417033
2090.000000	22.476560
2091.000000	22.536086
2092.000000	22.595612
2093.000000	22.655138
2094.000000	22.714665
2095.000000	22.783513
2096.000000	22.852360
2097.000000	22.921208
2098.000000	22.990055
2099.000000	23.058903
2100.000000	23.127750
2101.000000	23.196597
2102.000000	23.265445
2103.000000	23.334293
2104.000000	23.403140
2105.000000	23.439609
2106.000000	23.476079
2107.000000	23.512549
2108.000000	23.549018
2109.000000	23.585487
2110.000000	23.621957
2111.000000	23.658426
2112.000000	23.694896
2113.000000	23.731366
2114.000000	23.767835
2115.000000	23.772824
2116.000000	23.777813
2117.000000	23.782802
2118.000000	23.787791
2119.000000	23.792780
2120.000000	23.797770
2121.000000	23.802759
2122.000000	23.807748
2123.000000	23.812737
2124.000000	23.817726
2125.000000	23.843256
2126.000000	23.868786
2127.000000	23.894316
2128.000000	23.919846
2129.000000	23.945377
2130.000000	23.970907
2131.000000	23.996437
2132.000000	24.021967
2133.000000	24.047497
2134.000000	24.073027
2135.000000	24.097445
2136.000000	24.121863
2137.000000	24.146281
2138.000000	24.170699
2139.000000	24.195116
2140.000000	24.219534
2141.000000	24.243952
2142.000000	24.268370
2143.000000	24.292788
2144.000000	24.317206
2145.000000	24.340947
2146.000000	24.364689
2147.000000	24.388430
2148.000000	24.412172
2149.000000	24.435913
2150.000000	24.459654
2151.000000	24.483396
2152.000000	24.507137
2153.000000	24.530879
2154.000000	24.554620
2155.000000	24.546741
2156.000000	24.538862
2157.000000	24.530983
2158.000000	24.523104
2159.000000	24.515225
2160.000000	24.507345
2161.000000	24.499466
2162.000000	24.491587
2163.000000	24.483708
2164.000000	24.475829
2165.000000	24.456605
2166.000000	24.437381
2167.000000	24.418157
2168.000000	24.398933
2169.000000	24.379710
2170.000000	24.360486
2171.000000	24.341262
2172.000000	24.322038
2173.000000	24.302814
2174.000000	24.283590
2175.000000	24.236536
2176.000000	24.189482
2177.000000	24.142428
2178.000000	24.095373
2179.000000	24.048319
2180.000000	24.001265
2181.000000	23.954211
2182.000000	23.907156
2183.000000	23.860102
2184.000000	23.813048
2185.000000	23.735363
2186.000000	23.657678
2187.000000	23.579993
2188.000000	23.502308
2189.000000	23.424623
2190.000000	23.346939
2191.000000	23.269254
2192.000000	23.191569
2193.000000	23.113884
2194.000000	23.036199
2195.000000	22.967632
2196.000000	22.899065
2197.000000	22.830498
2198.000000	22.761931
2199.000000	22.693364
2200.000000	22.624796
2201.000000	22.556229
2202.000000	22.487662
2203.000000	22.419095
2204.000000	22.350528
2205.000000	22.290120
2206.000000	22.229712
2207.000000	22.169304
2208.000000	22.108896
2209.000000	22.048489
2210.000000	21.988081
2211.000000	21.927673
2212.000000	21.867265
2213.000000	21.806857
2214.000000	21.746449
2215.000000	21.694203
2216.000000	21.641957
2217.000000	21.589711
2218.000000	21.537466
2219.000000	21.485220
2220.000000	21.432974
2221.000000	21.380729
2222.000000	21.328483
2223.000000	21.276237
2224.000000	21.223991
2225.000000	21.256862
2226.000000	21.289733
2227.000000	21.322604
2228.000000	21.355475
2229.000000	21.388346
2230.000000	21.421217
2231.000000	21.454088
2232.000000	21.486959
2233.000000	21.519830
2234.000000	21.552701
2235.000000	21.710585
2236.000000	21.868469
2237.000000	22.026353
2238.000000	22.184238
2239.000000	22.342122
2240.000000	22.500006
2241.000000	22.657891
2242.000000	22.815775
2243.000000	22.973659
2244.000000	23.131543
2245.000000	23.394084
2246.000000	23.656625
2247.000000	23.919165
2248.000000	24.181706
2249.000000	24.444247
2250.000000	24.706788
2251.000000	24.969328
2252.000000	25.231869
2253.000000	25.494410
2254.000000	25.756951
2255.000000	26.044549
2256.000000	26.332146
2257.000000	26.619743
2258.000000	26.907341
2259.000000	27.194938
2260.000000	27.482536
2261.000000	27.770134
2262.000000	28.057731
2263.000000	28.345329
2264.000000	28.632926
2265.000000	28.914186
2266.000000	29.195447
2267.000000	29.476708
2268.000000	29.757969
2269.000000	30.039229
2270.000000	30.320490
2271.000000	30.601751
2272.000000	30.883012
2273.000000	31.164273
2274.000000	31.445533
2275.000000	31.617367
2276.000000	31.789200
2277.000000	31.961033
2278.000000	32.132867
2279.000000	32.304700
2280.000000	32.476534
2281.000000	32.648367
2282.000000	32.820201
2283.000000	32.992035
2284.000000	33.163868
2285.000000	33.356554
2286.000000	33.549240
2287.000000	33.741926
2288.000000	33.934612
2289.000000	34.127297
2290.000000	34.319983
2291.000000	34.512669
2292.000000	34.705355
2293.000000	34.898041
2294.000000	35.090727
2295.000000	35.230488
2296.000000	35.370249
2297.000000	35.510009
2298.000000	35.649770
2299.000000	35.789531
2300.000000	35.929292
2301.000000	36.069052
2302.000000	36.208813
2303.000000	36.348574
2304.000000	36.488335
2305.000000	36.545508
2306.000000	36.602681
2307.000000	36.659854
2308.000000	36.717027
2309.000000	36.774200
2310.000000	36.831374
2311.000000	36.888547
2312.000000	36.945720
2313.000000	37.002893
2314.000000	37.060066
2315.000000	36.967715
2316.000000	36.875364
2317.000000	36.783013
2318.000000	36.690662
2319.000000	36.598311
2320.000000	36.505960
2321.000000	36.413609
2322.000000	36.321258
2323.000000	36.228907
2324.000000	36.136556
2325.000000	36.082465
2326.000000	36.028375
2327.000000	35.974285
2328.000000	35.920195
2329.000000	35.866104
2330.000000	35.812014
2331.000000	35.757924
2332.000000	35.703834
2333.000000	35.649743
2334.000000	35.595653
2335.000000	35.665577
2336.000000	35.735501
2337.000000	35.805425
2338.000000	35.875349
2339.000000	35.945273
2340.000000	36.015198
2341.000000	36.085122
2342.000000	36.155046
2343.000000	36.224970
2344.000000	36.294894
2345.000000	36.269922
2346.000000	36.244951
2347.000000	36.219980
2348.000000	36.195008
2349.000000	36.170037
2350.000000	36.145066
2351.000000	36.120095
2352.000000	36.095123
2353.000000	36.070152
2354.000000	36.045180
2355.000000	35.975291
2356.000000	35.905403
2357.000000	35.835515
2358.000000	35.765626
2359.000000	35.695737
2360.000000	35.625849
2361.000000	35.555960
2362.000000	35.486072
2363.000000	35.416184
2364.000000	35.346295
2365.000000	35.226069
2366.000000	35.105843
2367.000000	34.985617
2368.000000	34.865391
2369.000000	34.745165
2370.000000	34.624939
2371.000000	34.504713
2372.000000	34.384487
2373.000000	34.264261
2374.000000	34.144035
2375.000000	34.122765
2376.000000	34.101496
2377.000000	34.080226
2378.000000	34.058957
2379.000000	34.037688
2380.000000	34.016418
2381.000000	33.995148
2382.000000	33.973879
2383.000000	33.952609
2384.000000	33.931340
2385.000000	33.895505
2386.000000	33.859671
2387.000000	33.823836
2388.000000	33.788001
2389.000000	33.752167
2390.000000	33.716332
2391.000000	33.680497
2392.000000	33.644662
2393.000000	33.608827
2394.000000	33.572993
2395.000000	33.523616
2396.000000	33.474239
2397.000000	33.424861
2398.000000	33.375484
2399.000000	33.326107
2400.000000	33.276730
