400.000000	1.515721
401.000000	1.514833
402.000000	1.513944
403.000000	1.513122
404.000000	1.512300
405.000000	1.511543
406.000000	1.510786
407.000000	1.510093
408.000000	1.509400
409.000000	1.508769
410.000000	1.508139
411.000000	1.507569
412.000000	1.507000
413.000000	1.506486
414.000000	1.505971
415.000000	1.505486
416.000000	1.505000
417.000000	1.504526
418.000000	1.504052
419.000000	1.503626
420.000000	1.503200
421.000000	1.502855
422.000000	1.502509
423.000000	1.502205
424.000000	1.501900
425.000000	1.501594
426.000000	1.501287
427.000000	1.500994
428.000000	1.500700
429.000000	1.500440
430.000000	1.500180
431.000000	1.499940
432.000000	1.499700
433.000000	1.499466
434.000000	1.499232
435.000000	1.499016
436.000000	1.498800
437.000000	1.498609
438.000000	1.498418
439.000000	1.498209
440.000000	1.498000
441.000000	1.497736
442.000000	1.497472
443.000000	1.497186
444.000000	1.496900
445.000000	1.496634
446.000000	1.496368
447.000000	1.496134
448.000000	1.495900
449.000000	1.495697
450.000000	1.495493
451.000000	1.495297
452.000000	1.495100
453.000000	1.494892
454.000000	1.494684
455.000000	1.494492
456.000000	1.494300
457.000000	1.494148
458.000000	1.493996
459.000000	1.493848
460.000000	1.493700
461.000000	1.493523
462.000000	1.493347
463.000000	1.493173
464.000000	1.493000
465.000000	1.492865
466.000000	1.492731
467.000000	1.492615
468.000000	1.492500
469.000000	1.492378
470.000000	1.492256
471.000000	1.492128
472.000000	1.492000
473.000000	1.491873
474.000000	1.491746
475.000000	1.491623
476.000000	1.491500
477.000000	1.491381
478.000000	1.491261
479.000000	1.491131
480.000000	1.491000
481.000000	1.490849
482.000000	1.490698
483.000000	1.490549
484.000000	1.490400
485.000000	1.490274
486.000000	1.490149
487.000000	1.490024
488.000000	1.489900
489.000000	1.489754
490.000000	1.489608
491.000000	1.489454
492.000000	1.489300
493.000000	1.489153
494.000000      1.489080
495.000000	1.489006
496.000000	1.488853
497.000000	1.488700
498.000000	1.488529
499.000000	1.488357
500.000000	1.488179
501.000000	1.488000
502.000000	1.487827
503.000000	1.487654
504.000000	1.487477
505.000000	1.487300
506.000000	1.487107
507.000000	1.486914
508.000000	1.486707
509.000000	1.486500
510.000000	1.486282
511.000000	1.486064
512.000000	1.485832
513.000000	1.485600
514.000000	1.485353
515.000000	1.484852
516.000000	1.484600
517.000000	1.484352
518.000000	1.484104
519.000000	1.483852
520.000000	1.483600
521.000000	1.483333
522.000000	1.483067
523.000000	1.482783
524.000000	1.482500
525.000000	1.482202
526.000000	1.481904
527.000000	1.481602
528.000000	1.481300
529.000000	1.481002
530.000000	1.480703
531.000000	1.480402
532.000000	1.480100
533.000000	1.479785
534.000000	1.479470
535.000000	1.479135
536.000000	1.478800
537.000000	1.478446
538.000000	1.478093
539.000000	1.477746
540.000000	1.477400
541.000000	1.477080
542.000000	1.476759
543.000000	1.476430
544.000000	1.476100
545.000000	1.475729
546.000000	1.475359
547.000000	1.474979
548.000000	1.474600
549.000000	1.474247
550.000000	1.473893
551.000000	1.473547
552.000000	1.473200
553.000000	1.472834
554.000000	1.472469
555.000000	1.472084
556.000000	1.471700
557.000000	1.471304
558.000000	1.470908
559.000000	1.470504
560.000000	1.470100
561.000000	1.469694
562.000000	1.469288
563.000000	1.468894
564.000000	1.468500
565.000000	1.468126
566.000000	1.467752
567.000000	1.467376
568.000000	1.467000
569.000000	1.466601
570.000000	1.466202
571.000000      1.466002
572.000000	1.465801
573.000000	1.465400
574.000000	1.465020
575.000000	1.464639
576.000000	1.464270
577.000000	1.463900
578.000000	1.463527
579.000000	1.463155
580.000000	1.462777
581.000000	1.462400
582.000000	1.462022
583.000000	1.461643
584.000000	1.461272
585.000000	1.460900
586.000000	1.460543
587.000000	1.460186
588.000000	1.459843
589.000000	1.459500
590.000000	1.459169
591.000000	1.458839
592.000000	1.458519
593.000000	1.458200
594.000000	1.457893
595.000000	1.457585
596.000000	1.457293
597.000000	1.457000
598.000000	1.456723
599.000000	1.456446
600.000000	1.456173
601.000000	1.455900
602.000000	1.455622
603.000000	1.455343
604.000000	1.455072
605.000000	1.454800
606.000000	1.454547
607.000000	1.454294
608.000000	1.453800
609.000000	1.453547
610.000000	1.453294
611.000000	1.453047
612.000000	1.452800
613.000000	1.452572
614.000000	1.452343
615.000000	1.452122
616.000000	1.451900
617.000000	1.451673
618.000000	1.451446
619.000000	1.451223
620.000000	1.451000
621.000000	1.450793
622.000000	1.450585
623.000000	1.450393
624.000000	1.450200
625.000000	1.450019
626.000000	1.449838
627.000000	1.449669
628.000000	1.449500
629.000000	1.449344
630.000000	1.449187
631.000000	1.449044
632.000000	1.448900
633.000000	1.448769
634.000000	1.448638
635.000000	1.448519
636.000000	1.448400
637.000000	1.448293
638.000000	1.448185
639.000000	1.448093
640.000000	1.448000
641.000000	1.447923
642.000000	1.447846
643.000000	1.447773
644.000000	1.447700
645.000000	1.447622
646.000000	1.447544
647.000000	1.447472
648.000000	1.447400
649.000000	1.447346
650.000000	1.447291
651.000000	1.447246
652.000000	1.447200
653.000000	1.447152
654.000000	1.447105
655.000000	1.447053
656.000000	1.447000
657.000000	1.446945
658.000000	1.446889
659.000000	1.446845
660.000000	1.446800
661.000000	1.446775
662.000000	1.446750
663.000000	1.446725
664.000000	1.446700
665.000000	1.446655
666.000000	1.446611
667.000000	1.446555
668.000000	1.446500
669.000000	1.446447
670.000000	1.446395
671.000000	1.446347
672.000000	1.446300
673.000000	1.446256
674.000000	1.446211
675.000000	1.446156
676.000000	1.446100
677.000000	1.446024
678.000000	1.445948
679.000000	1.445874
680.000000	1.445800
681.000000	1.445749
682.000000	1.445698
683.000000	1.445649
684.000000	1.445600
685.000000	1.445530
686.000000	1.445461
687.000000	1.445380
688.000000	1.445300
689.000000	1.445224
690.000000	1.445148
691.000000	1.445074
692.000000	1.445000
693.000000	1.444925
694.000000	1.444849
695.000000	1.444775
696.000000	1.444700
697.000000	1.444628
698.000000	1.444555
699.000000	1.444478
700.000000	1.444400
701.000000	1.444309
702.000000	1.444217
703.000000	1.444109
704.000000	1.444000
705.000000	1.443875
706.000000	1.443751
707.000000	1.443625
708.000000	1.443500
709.000000	1.443384
710.000000	1.443268
711.000000	1.443134
712.000000	1.443000
713.000000	1.442827
714.000000	1.442653
715.000000	1.442477
716.000000	1.442300
717.000000	1.442153
718.000000	1.442006
719.000000	1.441853
720.000000	1.441700
721.000000	1.441504
722.000000	1.441309
723.000000	1.441104
724.000000	1.440900
725.000000	1.440724
726.000000	1.440547
727.000000	1.440374
728.000000	1.440200
729.000000	1.440002
730.000000	1.439803
731.000000	1.439602
732.000000	1.439400
733.000000	1.439221
734.000000	1.439041
735.000000	1.438871
736.000000	1.438700
737.000000	1.438522
738.000000	1.438344
739.000000	1.438172
740.000000	1.438000
741.000000	1.437847
742.000000	1.437694
743.000000	1.437547
744.000000	1.437400
745.000000	1.437246
746.000000	1.437092
747.000000	1.436946
748.000000	1.436800
749.000000	1.436676
750.000000	1.436551
751.000000	1.436426
752.000000	1.436300
753.000000	1.436152
754.000000	1.436004
755.000000	1.435852
756.000000	1.435700
757.000000	1.435567
758.000000	1.435434
759.000000	1.435317
760.000000	1.435200
761.000000	1.435093
762.000000	1.434986
763.000000	1.434893
764.000000	1.434800
765.000000	1.434724
766.000000	1.434648
767.000000	1.434574
768.000000	1.434500
769.000000	1.434418
770.000000	1.434336
771.000000	1.434268
772.000000	1.434200
773.000000	1.434168
774.000000	1.434135
775.000000	1.434118
776.000000	1.434100
777.000000	1.434074
778.000000	1.434049
779.000000	1.434024
780.000000	1.434000
781.000000	1.433992
782.000000	1.433983
783.000000	1.433992
784.000000	1.434000
785.000000	1.434022
786.000000	1.434044
787.000000	1.434072
788.000000	1.434100
789.000000	1.434127
790.000000	1.434154
791.000000	1.434177
792.000000	1.434200
793.000000	1.434220
794.000000	1.434241
795.000000	1.434270
796.000000	1.434300
797.000000	1.434348
798.000000	1.434395
799.000000	1.434448
800.000000	1.434500
801.000000	1.434541
802.000000	1.434583
803.000000	1.434612
804.000000	1.434640
805.000000	1.434659
806.000000	1.434677
807.000000	1.434688
808.000000	1.434698
809.000000	1.434702
810.000000	1.434706
811.000000	1.434707
812.000000	1.434707
813.000000	1.434705
814.000000	1.434703
815.000000	1.434702
816.000000	1.434700
817.000000	1.434701
818.000000	1.434701
819.000000	1.434705
820.000000	1.434709
821.000000	1.434714
822.000000	1.434720
823.000000	1.434727
824.000000	1.434735
825.000000	1.434743
826.000000	1.434751
827.000000	1.434759
828.000000	1.434767
829.000000	1.434774
830.000000	1.434781
831.000000	1.434787
832.000000	1.434793
833.000000	1.434796
834.000000	1.434800
835.000000	1.434801
836.000000	1.434802
837.000000	1.434800
838.000000	1.434798
839.000000	1.434794
840.000000	1.434790
841.000000	1.434784
842.000000	1.434778
843.000000	1.434771
844.000000	1.434764
845.000000	1.434755
846.000000	1.434747
847.000000	1.434738
848.000000	1.434729
849.000000	1.434719
850.000000	1.434710
851.000000	1.434700
852.000000	1.434691
853.000000	1.434681
854.000000	1.434672
855.000000	1.434662
856.000000	1.434652
857.000000	1.434642
858.000000	1.434632
859.000000	1.434621
860.000000	1.434610
861.000000	1.434599
862.000000	1.434587
863.000000	1.434574
864.000000	1.434561
865.000000	1.434547
866.000000	1.434532
867.000000	1.434516
868.000000	1.434500
869.000000	1.434482
870.000000	1.434464
871.000000	1.434444
872.000000	1.434425
873.000000	1.434403
874.000000	1.434382
875.000000	1.434359
876.000000	1.434336
877.000000	1.434312
878.000000	1.434288
879.000000	1.434262
880.000000	1.434237
881.000000	1.434210
882.000000	1.434183
883.000000	1.434156
884.000000	1.434128
885.000000	1.434100
886.000000	1.434071
887.000000	1.434042
888.000000	1.434013
889.000000	1.433984
890.000000	1.433954
891.000000	1.433924
892.000000	1.433894
893.000000	1.433864
894.000000	1.433834
895.000000	1.433805
896.000000	1.433775
897.000000	1.433745
898.000000	1.433715
899.000000	1.433686
900.000000	1.433657
901.000000	1.433629
902.000000	1.433600
903.000000	1.433572
904.000000	1.433544
905.000000	1.433517
906.000000	1.433490
907.000000	1.433462
908.000000	1.433435
909.000000	1.433408
910.000000	1.433380
911.000000	1.433351
912.000000	1.433323
913.000000	1.433293
914.000000	1.433264
915.000000	1.433232
916.000000	1.433201
917.000000	1.433168
918.000000	1.433135
919.000000	1.433099
920.000000	1.433064
921.000000	1.433026
922.000000	1.432988
923.000000	1.432948
924.000000	1.432909
925.000000	1.432867
926.000000	1.432826
927.000000	1.432784
928.000000	1.432742
929.000000	1.432699
930.000000	1.432656
931.000000	1.432613
932.000000	1.432570
933.000000	1.432527
934.000000	1.432484
935.000000	1.432442
936.000000	1.432400
937.000000	1.432359
938.000000	1.432318
939.000000	1.432278
940.000000	1.432238
941.000000	1.432198
942.000000	1.432158
943.000000	1.432118
944.000000	1.432078
945.000000	1.432038
946.000000	1.431998
947.000000	1.431957
948.000000	1.431916
949.000000	1.431874
950.000000	1.431832
951.000000	1.431788
952.000000	1.431745
953.000000	1.431700
954.000000	1.431654
955.000000	1.431607
956.000000	1.431559
957.000000	1.431510
958.000000	1.431461
959.000000	1.431410
960.000000	1.431359
961.000000	1.431306
962.000000	1.431253
963.000000	1.431199
964.000000	1.431144
965.000000	1.431088
966.000000	1.431032
967.000000	1.430975
968.000000	1.430917
969.000000	1.430859
970.000000	1.430800
971.000000	1.430740
972.000000	1.430680
973.000000	1.430619
974.000000	1.430558
975.000000	1.430495
976.000000	1.430433
977.000000	1.430369
978.000000	1.430305
979.000000	1.430240
980.000000	1.430176
981.000000	1.430109
982.000000	1.430043
983.000000	1.429975
984.000000	1.429908
985.000000	1.429839
986.000000	1.429770
987.000000	1.429700
988.000000	1.429629
989.000000	1.429558
990.000000	1.429486
991.000000	1.429413
992.000000	1.429340
993.000000	1.429266
994.000000	1.429191
995.000000	1.429115
996.000000	1.429039
997.000000	1.428962
998.000000	1.428884
999.000000	1.428805
1000.000000	1.428726
1001.000000	1.428645
1002.000000	1.428565
1003.000000	1.428482
1004.000000	1.428400
1005.000000	1.428316
1006.000000	1.428232
1007.000000	1.428146
1008.000000	1.428061
1009.000000	1.427974
1010.000000	1.427887
1011.000000	1.427799
1012.000000	1.427711
1013.000000	1.427622
1014.000000	1.427533
1015.000000	1.427443
1016.000000	1.427353
1017.000000	1.427263
1018.000000	1.427173
1019.000000	1.427082
1020.000000	1.426991
1021.000000	1.426900
1022.000000	1.426809
1023.000000	1.426718
1024.000000	1.426627
1025.000000	1.426535
1026.000000	1.426443
1027.000000	1.426351
1028.000000	1.426259
1029.000000	1.426165
1030.000000	1.426072
1031.000000	1.425978
1032.000000	1.425884
1033.000000	1.425788
1034.000000	1.425692
1035.000000	1.425595
1036.000000	1.425498
1037.000000	1.425399
1038.000000	1.425300
1039.000000	1.425199
1040.000000	1.425098
1041.000000	1.424996
1042.000000	1.424893
1043.000000	1.424789
1044.000000	1.424685
1045.000000	1.424579
1046.000000	1.424474
1047.000000	1.424367
1048.000000	1.424260
1049.000000	1.424152
1050.000000	1.424045
1051.000000	1.423936
1052.000000	1.423828
1053.000000	1.423719
1054.000000	1.423609
1055.000000	1.423500
1056.000000	1.423391
1057.000000	1.423281
1058.000000	1.423171
1059.000000	1.423061
1060.000000	1.422950
1061.000000	1.422840
1062.000000	1.422729
1063.000000	1.422618
1064.000000	1.422506
1065.000000	1.422394
1066.000000	1.422282
1067.000000	1.422170
1068.000000	1.422057
1069.000000	1.421943
1070.000000	1.421829
1071.000000	1.421715
1072.000000	1.421600
1073.000000	1.421484
1074.000000	1.421369
1075.000000	1.421252
1076.000000	1.421136
1077.000000	1.421018
1078.000000	1.420901
1079.000000	1.420783
1080.000000	1.420665
1081.000000	1.420547
1082.000000	1.420429
1083.000000	1.420310
1084.000000	1.420192
1085.000000	1.420073
1086.000000	1.419955
1087.000000	1.419837
1088.000000	1.419718
1089.000000	1.419600
1090.000000	1.419482
1091.000000	1.419364
1092.000000	1.419246
1093.000000	1.419129
1094.000000	1.419011
1095.000000	1.418894
1096.000000	1.418777
1097.000000	1.418659
1098.000000	1.418542
1099.000000	1.418424
1100.000000	1.418307
1101.000000	1.418189
1102.000000	1.418072
1103.000000	1.417954
1104.000000	1.417836
1105.000000	1.417718
1106.000000	1.417600
1107.000000	1.417482
1108.000000	1.417363
1109.000000	1.417244
1110.000000	1.417126
1111.000000	1.417007
1112.000000	1.416888
1113.000000	1.416770
1114.000000	1.416651
1115.000000	1.416533
1116.000000	1.416415
1117.000000	1.416297
1118.000000	1.416180
1119.000000	1.416063
1120.000000	1.415946
1121.000000	1.415831
1122.000000	1.415715
1123.000000	1.415600
1124.000000	1.415486
1125.000000	1.415373
1126.000000	1.415259
1127.000000	1.415147
1128.000000	1.415034
1129.000000	1.414923
1130.000000	1.414811
1131.000000	1.414700
1132.000000	1.414589
1133.000000	1.414478
1134.000000	1.414367
1135.000000	1.414256
1136.000000	1.414145
1137.000000	1.414034
1138.000000	1.413923
1139.000000	1.413812
1140.000000	1.413700
1141.000000	1.413588
1142.000000	1.413476
1143.000000	1.413363
1144.000000	1.413251
1145.000000	1.413138
1146.000000	1.413025
1147.000000	1.412913
1148.000000	1.412800
1149.000000	1.412687
1150.000000	1.412575
1151.000000	1.412463
1152.000000	1.412351
1153.000000	1.412240
1154.000000	1.412129
1155.000000	1.412019
1156.000000	1.411909
1157.000000	1.411800
1158.000000	1.411692
1159.000000	1.411584
1160.000000	1.411477
1161.000000	1.411370
1162.000000	1.411264
1163.000000	1.411158
1164.000000	1.411052
1165.000000	1.410947
1166.000000	1.410842
1167.000000	1.410737
1168.000000	1.410632
1169.000000	1.410527
1170.000000	1.410422
1171.000000	1.410317
1172.000000	1.410211
1173.000000	1.410106
1174.000000	1.410000
1175.000000	1.409894
1176.000000	1.409787
1177.000000	1.409681
1178.000000	1.409574
1179.000000	1.409467
1180.000000	1.409360
1181.000000	1.409253
1182.000000	1.409146
1183.000000	1.409039
1184.000000	1.408932
1185.000000	1.408827
1186.000000	1.408721
1187.000000	1.408616
1188.000000	1.408511
1189.000000	1.408407
1190.000000	1.408303
1191.000000	1.408200
1192.000000	1.408098
1193.000000	1.407997
1194.000000	1.407896
1195.000000	1.407796
1196.000000	1.407696
1197.000000	1.407597
1198.000000	1.407498
1199.000000	1.407399
1200.000000	1.407300
1201.000000	1.407201
1202.000000	1.407102
1203.000000	1.407003
1204.000000	1.406903
1205.000000	1.406803
1206.000000	1.406703
1207.000000	1.406601
1208.000000	1.406500
1209.000000	1.406397
1210.000000	1.406294
1211.000000	1.406190
1212.000000	1.406086
1213.000000	1.405981
1214.000000	1.405876
1215.000000	1.405770
1216.000000	1.405663
1217.000000	1.405557
1218.000000	1.405450
1219.000000	1.405343
1220.000000	1.405236
1221.000000	1.405129
1222.000000	1.405021
1223.000000	1.404914
1224.000000	1.404807
1225.000000	1.404700
1226.000000	1.404593
1227.000000	1.404487
1228.000000	1.404380
1229.000000	1.404274
1230.000000	1.404168
1231.000000	1.404062
1232.000000	1.403956
1233.000000	1.403850
1234.000000	1.403745
1235.000000	1.403639
1236.000000	1.403533
1237.000000	1.403428
1238.000000	1.403322
1239.000000	1.403217
1240.000000	1.403111
1241.000000	1.403006
1242.000000	1.402900
1243.000000	1.402794
1244.000000	1.402689
1245.000000	1.402583
1246.000000	1.402477
1247.000000	1.402371
1248.000000	1.402265
1249.000000	1.402159
1250.000000	1.402053
1251.000000	1.401947
1252.000000	1.401841
1253.000000	1.401735
1254.000000	1.401629
1255.000000	1.401523
1256.000000	1.401417
1257.000000	1.401312
1258.000000	1.401206
1259.000000	1.401100
1260.000000	1.400994
1261.000000	1.400889
1262.000000	1.400783
1263.000000	1.400678
1264.000000	1.400572
1265.000000	1.400467
1266.000000	1.400361
1267.000000	1.400255
1268.000000	1.400150
1269.000000	1.400044
1270.000000	1.399938
1271.000000	1.399832
1272.000000	1.399726
1273.000000	1.399620
1274.000000	1.399513
1275.000000	1.399407
1276.000000	1.399300
1277.000000	1.399193
1278.000000	1.399086
1279.000000	1.398979
1280.000000	1.398871
1281.000000	1.398764
1282.000000	1.398657
1283.000000	1.398550
1284.000000	1.398443
1285.000000	1.398336
1286.000000	1.398230
1287.000000	1.398124
1288.000000	1.398019
1289.000000	1.397914
1290.000000	1.397809
1291.000000	1.397706
1292.000000	1.397602
1293.000000	1.397500
1294.000000	1.397398
1295.000000	1.397298
1296.000000	1.397197
1297.000000	1.397098
1298.000000	1.396998
1299.000000	1.396899
1300.000000	1.396800
1301.000000	1.396701
1302.000000	1.396603
1303.000000	1.396504
1304.000000	1.396405
1305.000000	1.396305
1306.000000	1.396205
1307.000000	1.396105
1308.000000	1.396004
1309.000000	1.395902
1310.000000	1.395800
1311.000000	1.395696
1312.000000	1.395593
1313.000000	1.395488
1314.000000	1.395382
1315.000000	1.395276
1316.000000	1.395170
1317.000000	1.395063
1318.000000	1.394956
1319.000000	1.394849
1320.000000	1.394742
1321.000000	1.394635
1322.000000	1.394528
1323.000000	1.394422
1324.000000	1.394316
1325.000000	1.394210
1326.000000	1.394105
1327.000000	1.394000
1328.000000	1.393896
1329.000000	1.393793
1330.000000	1.393691
1331.000000	1.393589
1332.000000	1.393488
1333.000000	1.393387
1334.000000	1.393287
1335.000000	1.393187
1336.000000	1.393088
1337.000000	1.392989
1338.000000	1.392890
1339.000000	1.392791
1340.000000	1.392693
1341.000000	1.392594
1342.000000	1.392496
1343.000000	1.392398
1344.000000	1.392300
1345.000000	1.392202
1346.000000	1.392104
1347.000000	1.392005
1348.000000	1.391907
1349.000000	1.391808
1350.000000	1.391709
1351.000000	1.391610
1352.000000	1.391511
1353.000000	1.391411
1354.000000	1.391311
1355.000000	1.391211
1356.000000	1.391110
1357.000000	1.391009
1358.000000	1.390908
1359.000000	1.390805
1360.000000	1.390703
1361.000000	1.390600
1362.000000	1.390496
1363.000000	1.390392
1364.000000	1.390288
1365.000000	1.390183
1366.000000	1.390077
1367.000000	1.389971
1368.000000	1.389866
1369.000000	1.389759
1370.000000	1.389653
1371.000000	1.389546
1372.000000	1.389440
1373.000000	1.389333
1374.000000	1.389226
1375.000000	1.389119
1376.000000	1.389013
1377.000000	1.388906
1378.000000	1.388800
1379.000000	1.388694
1380.000000	1.388588
1381.000000	1.388482
1382.000000	1.388377
1383.000000	1.388271
1384.000000	1.388166
1385.000000	1.388060
1386.000000	1.387955
1387.000000	1.387849
1388.000000	1.387744
1389.000000	1.387638
1390.000000	1.387532
1391.000000	1.387426
1392.000000	1.387320
1393.000000	1.387214
1394.000000	1.387107
1395.000000	1.387000
1396.000000	1.386893
1397.000000	1.386785
1398.000000	1.386677
1399.000000	1.386568
1400.000000	1.386459
1401.000000	1.386349
1402.000000	1.386239
1403.000000	1.386128
1404.000000	1.386017
1405.000000	1.385905
1406.000000	1.385793
1407.000000	1.385679
1408.000000	1.385565
1409.000000	1.385450
1410.000000	1.385334
1411.000000	1.385217
1412.000000	1.385100
1413.000000	1.384981
1414.000000	1.384862
1415.000000	1.384742
1416.000000	1.384621
1417.000000	1.384499
1418.000000	1.384377
1419.000000	1.384254
1420.000000	1.384130
1421.000000	1.384006
1422.000000	1.383882
1423.000000	1.383756
1424.000000	1.383631
1425.000000	1.383505
1426.000000	1.383379
1427.000000	1.383253
1428.000000	1.383127
1429.000000	1.383000
1430.000000	1.382873
1431.000000	1.382746
1432.000000	1.382620
1433.000000	1.382492
1434.000000	1.382365
1435.000000	1.382237
1436.000000	1.382109
1437.000000	1.381980
1438.000000	1.381852
1439.000000	1.381722
1440.000000	1.381593
1441.000000	1.381462
1442.000000	1.381331
1443.000000	1.381199
1444.000000	1.381067
1445.000000	1.380934
1446.000000	1.380800
1447.000000	1.380665
1448.000000	1.380530
1449.000000	1.380393
1450.000000	1.380256
1451.000000	1.380118
1452.000000	1.379980
1453.000000	1.379840
1454.000000	1.379700
1455.000000	1.379558
1456.000000	1.379417
1457.000000	1.379273
1458.000000	1.379130
1459.000000	1.378985
1460.000000	1.378841
1461.000000	1.378694
1462.000000	1.378548
1463.000000	1.378400
1464.000000	1.378252
1465.000000	1.378102
1466.000000	1.377953
1467.000000	1.377802
1468.000000	1.377651
1469.000000	1.377499
1470.000000	1.377347
1471.000000	1.377193
1472.000000	1.377040
1473.000000	1.376886
1474.000000	1.376732
1475.000000	1.376577
1476.000000	1.376423
1477.000000	1.376267
1478.000000	1.376112
1479.000000	1.375956
1480.000000	1.375800
1481.000000	1.375644
1482.000000	1.375488
1483.000000	1.375331
1484.000000	1.375175
1485.000000	1.375017
1486.000000	1.374860
1487.000000	1.374702
1488.000000	1.374545
1489.000000	1.374386
1490.000000	1.374227
1491.000000	1.374068
1492.000000	1.373908
1493.000000	1.373747
1494.000000	1.373587
1495.000000	1.373425
1496.000000	1.373263
1497.000000	1.373100
1498.000000	1.372936
1499.000000	1.372772
1500.000000	1.372608
1501.000000	1.372442
1502.000000	1.372277
1503.000000	1.372111
1504.000000	1.371945
1505.000000	1.371780
1506.000000	1.371614
1507.000000	1.371448
1508.000000	1.371283
1509.000000	1.371118
1510.000000	1.370953
1511.000000	1.370789
1512.000000	1.370625
1513.000000	1.370462
1514.000000	1.370300
1515.000000	1.370139
1516.000000	1.369978
1517.000000	1.369819
1518.000000	1.369660
1519.000000	1.369501
1520.000000	1.369343
1521.000000	1.369185
1522.000000	1.369027
1523.000000	1.368870
1524.000000	1.368712
1525.000000	1.368554
1526.000000	1.368396
1527.000000	1.368238
1528.000000	1.368079
1529.000000	1.367920
1530.000000	1.367761
1531.000000	1.367600
1532.000000	1.367439
1533.000000	1.367276
1534.000000	1.367114
1535.000000	1.366950
1536.000000	1.366787
1537.000000	1.366622
1538.000000	1.366458
1539.000000	1.366292
1540.000000	1.366127
1541.000000	1.365961
1542.000000	1.365795
1543.000000	1.365629
1544.000000	1.365463
1545.000000	1.365297
1546.000000	1.365131
1547.000000	1.364966
1548.000000	1.364800
1549.000000	1.364635
1550.000000	1.364470
1551.000000	1.364305
1552.000000	1.364140
1553.000000	1.363975
1554.000000	1.363811
1555.000000	1.363647
1556.000000	1.363482
1557.000000	1.363318
1558.000000	1.363154
1559.000000	1.362989
1560.000000	1.362825
1561.000000	1.362660
1562.000000	1.362495
1563.000000	1.362330
1564.000000	1.362165
1565.000000	1.362000
1566.000000	1.361834
1567.000000	1.361669
1568.000000	1.361503
1569.000000	1.361337
1570.000000	1.361171
1571.000000	1.361005
1572.000000	1.360839
1573.000000	1.360673
1574.000000	1.360508
1575.000000	1.360343
1576.000000	1.360178
1577.000000	1.360014
1578.000000	1.359849
1579.000000	1.359686
1580.000000	1.359523
1581.000000	1.359362
1582.000000	1.359200
1583.000000	1.359040
1584.000000	1.358880
1585.000000	1.358721
1586.000000	1.358562
1587.000000	1.358404
1588.000000	1.358246
1589.000000	1.358088
1590.000000	1.357930
1591.000000	1.357772
1592.000000	1.357615
1593.000000	1.357457
1594.000000	1.357299
1595.000000	1.357140
1596.000000	1.356981
1597.000000	1.356821
1598.000000	1.356661
1599.000000	1.356500
1600.000000	1.356338
1601.000000	1.356175
1602.000000	1.356012
1603.000000	1.355848
1604.000000	1.355683
1605.000000	1.355518
1606.000000	1.355353
1607.000000	1.355187
1608.000000	1.355022
1609.000000	1.354856
1610.000000	1.354690
1611.000000	1.354524
1612.000000	1.354359
1613.000000	1.354193
1614.000000	1.354028
1615.000000	1.353864
1616.000000	1.353700
1617.000000	1.353537
1618.000000	1.353374
1619.000000	1.353212
1620.000000	1.353051
1621.000000	1.352890
1622.000000	1.352730
1623.000000	1.352570
1624.000000	1.352411
1625.000000	1.352252
1626.000000	1.352094
1627.000000	1.351936
1628.000000	1.351779
1629.000000	1.351623
1630.000000	1.351466
1631.000000	1.351311
1632.000000	1.351155
1633.000000	1.351000
1634.000000	1.350846
1635.000000	1.350692
1636.000000	1.350538
1637.000000	1.350384
1638.000000	1.350231
1639.000000	1.350078
1640.000000	1.349925
1641.000000	1.349772
1642.000000	1.349620
1643.000000	1.349467
1644.000000	1.349315
1645.000000	1.349163
1646.000000	1.349010
1647.000000	1.348858
1648.000000	1.348705
1649.000000	1.348553
1650.000000	1.348400
1651.000000	1.348247
1652.000000	1.348094
1653.000000	1.347941
1654.000000	1.347788
1655.000000	1.347634
1656.000000	1.347481
1657.000000	1.347327
1658.000000	1.347174
1659.000000	1.347021
1660.000000	1.346868
1661.000000	1.346714
1662.000000	1.346561
1663.000000	1.346409
1664.000000	1.346256
1665.000000	1.346104
1666.000000	1.345952
1667.000000	1.345800
1668.000000	1.345649
1669.000000	1.345498
1670.000000	1.345347
1671.000000	1.345197
1672.000000	1.345047
1673.000000	1.344898
1674.000000	1.344749
1675.000000	1.344601
1676.000000	1.344454
1677.000000	1.344307
1678.000000	1.344161
1679.000000	1.344016
1680.000000	1.343870
1681.000000	1.343727
1682.000000	1.343584
1683.000000	1.343442
1684.000000	1.343300
1685.000000	1.343160
1686.000000	1.343020
1687.000000	1.342882
1688.000000	1.342744
1689.000000	1.342607
1690.000000	1.342470
1691.000000	1.342335
1692.000000	1.342199
1693.000000	1.342065
1694.000000	1.341930
1695.000000	1.341797
1696.000000	1.341663
1697.000000	1.341530
1698.000000	1.341397
1699.000000	1.341265
1700.000000	1.341132
1701.000000	1.341000
1702.000000	1.340868
1703.000000	1.340736
1704.000000	1.340604
1705.000000	1.340472
1706.000000	1.340341
1707.000000	1.340210
1708.000000	1.340079
1709.000000	1.339949
1710.000000	1.339819
1711.000000	1.339690
1712.000000	1.339560
1713.000000	1.339432
1714.000000	1.339304
1715.000000	1.339177
1716.000000	1.339051
1717.000000	1.338925
1718.000000	1.338800
1719.000000	1.338676
1720.000000	1.338553
1721.000000	1.338431
1722.000000	1.338309
1723.000000	1.338188
1724.000000	1.338068
1725.000000	1.337949
1726.000000	1.337830
1727.000000	1.337713
1728.000000	1.337596
1729.000000	1.337480
1730.000000	1.337365
1731.000000	1.337250
1732.000000	1.337136
1733.000000	1.337024
1734.000000	1.336911
1735.000000	1.336800
1736.000000	1.336689
1737.000000	1.336580
1738.000000	1.336470
1739.000000	1.336362
1740.000000	1.336254
1741.000000	1.336147
1742.000000	1.336040
1743.000000	1.335934
1744.000000	1.335829
1745.000000	1.335724
1746.000000	1.335619
1747.000000	1.335515
1748.000000	1.335411
1749.000000	1.335308
1750.000000	1.335205
1751.000000	1.335102
1752.000000	1.335000
1753.000000	1.334898
1754.000000	1.334796
1755.000000	1.334695
1756.000000	1.334594
1757.000000	1.334493
1758.000000	1.334392
1759.000000	1.334292
1760.000000	1.334192
1761.000000	1.334092
1762.000000	1.333992
1763.000000	1.333893
1764.000000	1.333793
1765.000000	1.333694
1766.000000	1.333595
1767.000000	1.333497
1768.000000	1.333398
1769.000000	1.333300
1770.000000	1.333202
1771.000000	1.333104
1772.000000	1.333007
1773.000000	1.332910
1774.000000	1.332813
1775.000000	1.332717
1776.000000	1.332621
1777.000000	1.332526
1778.000000	1.332431
1779.000000	1.332337
1780.000000	1.332243
1781.000000	1.332151
1782.000000	1.332059
1783.000000	1.331968
1784.000000	1.331877
1785.000000	1.331789
1786.000000	1.331700
1787.000000	1.331613
1788.000000	1.331527
1789.000000	1.331442
1790.000000	1.331357
1791.000000	1.331273
1792.000000	1.331190
1793.000000	1.331108
1794.000000	1.331026
1795.000000	1.330944
1796.000000	1.330863
1797.000000	1.330782
1798.000000	1.330702
1799.000000	1.330621
1800.000000	1.330541
1801.000000	1.330461
1802.000000	1.330380
1803.000000	1.330300
1804.000000	1.330219
1805.000000	1.330138
1806.000000	1.330058
1807.000000	1.329976
1808.000000	1.329895
1809.000000	1.329813
1810.000000	1.329731
1811.000000	1.329649
1812.000000	1.329567
1813.000000	1.329484
1814.000000	1.329402
1815.000000	1.329318
1816.000000	1.329235
1817.000000	1.329152
1818.000000	1.329068
1819.000000	1.328984
1820.000000	1.328900
1821.000000	1.328816
1822.000000	1.328731
1823.000000	1.328646
1824.000000	1.328562
1825.000000	1.328477
1826.000000	1.328393
1827.000000	1.328309
1828.000000	1.328225
1829.000000	1.328142
1830.000000	1.328059
1831.000000	1.327977
1832.000000	1.327895
1833.000000	1.327815
1834.000000	1.327734
1835.000000	1.327656
1836.000000	1.327577
1837.000000	1.327501
1838.000000	1.327424
1839.000000	1.327350
1840.000000	1.327276
1841.000000	1.327203
1842.000000	1.327131
1843.000000	1.327060
1844.000000	1.326989
1845.000000	1.326919
1846.000000	1.326849
1847.000000	1.326780
1848.000000	1.326711
1849.000000	1.326643
1850.000000	1.326574
1851.000000	1.326506
1852.000000	1.326437
1853.000000	1.326369
1854.000000	1.326300
1855.000000	1.326231
1856.000000	1.326162
1857.000000	1.326092
1858.000000	1.326023
1859.000000	1.325952
1860.000000	1.325882
1861.000000	1.325812
1862.000000	1.325741
1863.000000	1.325671
1864.000000	1.325600
1865.000000	1.325529
1866.000000	1.325458
1867.000000	1.325386
1868.000000	1.325315
1869.000000	1.325243
1870.000000	1.325172
1871.000000	1.325100
1872.000000	1.325028
1873.000000	1.324957
1874.000000	1.324885
1875.000000	1.324813
1876.000000	1.324741
1877.000000	1.324670
1878.000000	1.324598
1879.000000	1.324527
1880.000000	1.324456
1881.000000	1.324386
1882.000000	1.324315
1883.000000	1.324245
1884.000000	1.324175
1885.000000	1.324106
1886.000000	1.324037
1887.000000	1.323968
1888.000000	1.323900
1889.000000	1.323833
1890.000000	1.323765
1891.000000	1.323699
1892.000000	1.323633
1893.000000	1.323567
1894.000000	1.323502
1895.000000	1.323437
1896.000000	1.323372
1897.000000	1.323308
1898.000000	1.323243
1899.000000	1.323180
1900.000000	1.323116
1901.000000	1.323053
1902.000000	1.322989
1903.000000	1.322926
1904.000000	1.322863
1905.000000	1.322800
1906.000000	1.322737
1907.000000	1.322674
1908.000000	1.322611
1909.000000	1.322548
1910.000000	1.322485
1911.000000	1.322422
1912.000000	1.322358
1913.000000	1.322294
1914.000000	1.322230
1915.000000	1.322166
1916.000000	1.322101
1917.000000	1.322035
1918.000000	1.321970
1919.000000	1.321903
1920.000000	1.321836
1921.000000	1.321768
1922.000000	1.321700
1923.000000	1.321631
1924.000000	1.321561
1925.000000	1.321490
1926.000000	1.321420
1927.000000	1.321348
1928.000000	1.321277
1929.000000	1.321205
1930.000000	1.321134
1931.000000	1.321062
1932.000000	1.320990
1933.000000	1.320919
1934.000000	1.320848
1935.000000	1.320777
1936.000000	1.320707
1937.000000	1.320638
1938.000000	1.320568
1939.000000	1.320500
1940.000000	1.320433
1941.000000	1.320367
1942.000000	1.320300
1943.000000	1.320235
1944.000000	1.320170
1945.000000	1.320106
1946.000000	1.320042
1947.000000	1.319978
1948.000000	1.319915
1949.000000	1.319851
1950.000000	1.319787
1951.000000	1.319724
1952.000000	1.319660
1953.000000	1.319595
1954.000000	1.319531
1955.000000	1.319466
1956.000000	1.319400
1957.000000	1.319333
1958.000000	1.319267
1959.000000	1.319199
1960.000000	1.319131
1961.000000	1.319062
1962.000000	1.318992
1963.000000	1.318922
1964.000000	1.318852
1965.000000	1.318781
1966.000000	1.318710
1967.000000	1.318638
1968.000000	1.318566
1969.000000	1.318493
1970.000000	1.318421
1971.000000	1.318347
1972.000000	1.318274
1973.000000	1.318200
1974.000000	1.318126
1975.000000	1.318052
1976.000000	1.317977
1977.000000	1.317902
1978.000000	1.317827
1979.000000	1.317752
1980.000000	1.317676
1981.000000	1.317600
1982.000000	1.317524
1983.000000	1.317447
1984.000000	1.317370
1985.000000	1.317292
1986.000000	1.317215
1987.000000	1.317137
1988.000000	1.317058
1989.000000	1.316979
1990.000000	1.316900
1991.000000	1.316820
1992.000000	1.316740
1993.000000	1.316660
1994.000000	1.316579
1995.000000	1.316497
1996.000000	1.316416
1997.000000	1.316334
1998.000000	1.316252
1999.000000	1.316169
2000.000000	1.316087
2001.000000	1.316003
2002.000000	1.315920
2003.000000	1.315836
2004.000000	1.315753
2005.000000	1.315669
2006.000000	1.315584
2007.000000	1.315500
2008.000000	1.315415
2009.000000	1.315330
2010.000000	1.315245
2011.000000	1.315160
2012.000000	1.315074
2013.000000	1.314988
2014.000000	1.314901
2015.000000	1.314814
2016.000000	1.314726
2017.000000	1.314638
2018.000000	1.314549
2019.000000	1.314459
2020.000000	1.314369
2021.000000	1.314278
2022.000000	1.314186
2023.000000	1.314093
2024.000000	1.314000
2025.000000	1.313905
2026.000000	1.313810
2027.000000	1.313713
2028.000000	1.313617
2029.000000	1.313518
2030.000000	1.313420
2031.000000	1.313320
2032.000000	1.313221
2033.000000	1.313120
2034.000000	1.313019
2035.000000	1.312917
2036.000000	1.312816
2037.000000	1.312713
2038.000000	1.312610
2039.000000	1.312507
2040.000000	1.312404
2041.000000	1.312300
2042.000000	1.312196
2043.000000	1.312092
2044.000000	1.311988
2045.000000	1.311883
2046.000000	1.311779
2047.000000	1.311673
2048.000000	1.311568
2049.000000	1.311463
2050.000000	1.311357
2051.000000	1.311251
2052.000000	1.311145
2053.000000	1.311038
2054.000000	1.310931
2055.000000	1.310824
2056.000000	1.310716
2057.000000	1.310608
2058.000000	1.310500
2059.000000	1.310391
2060.000000	1.310282
2061.000000	1.310173
2062.000000	1.310063
2063.000000	1.309953
2064.000000	1.309843
2065.000000	1.309732
2066.000000	1.309620
2067.000000	1.309508
2068.000000	1.309397
2069.000000	1.309284
2070.000000	1.309171
2071.000000	1.309058
2072.000000	1.308944
2073.000000	1.308830
2074.000000	1.308715
2075.000000	1.308600
2076.000000	1.308485
2077.000000	1.308368
2078.000000	1.308252
2079.000000	1.308135
2080.000000	1.308019
2081.000000	1.307901
2082.000000	1.307784
2083.000000	1.307666
2084.000000	1.307548
2085.000000	1.307430
2086.000000	1.307311
2087.000000	1.307193
2088.000000	1.307074
2089.000000	1.306956
2090.000000	1.306837
2091.000000	1.306719
2092.000000	1.306600
2093.000000	1.306482
2094.000000	1.306363
2095.000000	1.306245
2096.000000	1.306126
2097.000000	1.306008
2098.000000	1.305890
2099.000000	1.305772
2100.000000	1.305654
2101.000000	1.305537
2102.000000	1.305419
2103.000000	1.305302
2104.000000	1.305184
2105.000000	1.305067
2106.000000	1.304950
2107.000000	1.304833
2108.000000	1.304717
2109.000000	1.304600
2110.000000	1.304484
2111.000000	1.304368
2112.000000	1.304251
2113.000000	1.304135
2114.000000	1.304019
2115.000000	1.303903
2116.000000	1.303786
2117.000000	1.303670
2118.000000	1.303553
2119.000000	1.303435
2120.000000	1.303318
2121.000000	1.303199
2122.000000	1.303081
2123.000000	1.302961
2124.000000	1.302842
2125.000000	1.302721
2126.000000	1.302600
2127.000000	1.302478
2128.000000	1.302355
2129.000000	1.302231
2130.000000	1.302108
2131.000000	1.301983
2132.000000	1.301859
2133.000000	1.301734
2134.000000	1.301609
2135.000000	1.301485
2136.000000	1.301360
2137.000000	1.301236
2138.000000	1.301112
2139.000000	1.300988
2140.000000	1.300865
2141.000000	1.300743
2142.000000	1.300621
2143.000000	1.300501
2144.000000	1.300380
2145.000000	1.300262
2146.000000	1.300143
2147.000000	1.300026
2148.000000	1.299908
2149.000000	1.299792
2150.000000	1.299675
2151.000000	1.299559
2152.000000	1.299442
2153.000000	1.299326
2154.000000	1.299210
2155.000000	1.299093
2156.000000	1.298976
2157.000000	1.298857
2158.000000	1.298739
2159.000000	1.298620
2160.000000	1.298500
2161.000000	1.298379
2162.000000	1.298257
2163.000000	1.298134
2164.000000	1.298011
2165.000000	1.297887
2166.000000	1.297763
2167.000000	1.297638
2168.000000	1.297513
2169.000000	1.297388
2170.000000	1.297263
2171.000000	1.297139
2172.000000	1.297014
2173.000000	1.296890
2174.000000	1.296767
2175.000000	1.296644
2176.000000	1.296521
2177.000000	1.296401
2178.000000	1.296280
2179.000000	1.296160
2180.000000	1.296041
2181.000000	1.295923
2182.000000	1.295806
2183.000000	1.295689
2184.000000	1.295572
2185.000000	1.295455
2186.000000	1.295339
2187.000000	1.295222
2188.000000	1.295106
2189.000000	1.294989
2190.000000	1.294872
2191.000000	1.294755
2192.000000	1.294637
2193.000000	1.294519
2194.000000	1.294400
2195.000000	1.294280
2196.000000	1.294160
2197.000000	1.294038
2198.000000	1.293917
2199.000000	1.293794
2200.000000	1.293672
2201.000000	1.293548
2202.000000	1.293424
2203.000000	1.293300
2204.000000	1.293176
2205.000000	1.293051
2206.000000	1.292926
2207.000000	1.292801
2208.000000	1.292676
2209.000000	1.292551
2210.000000	1.292425
2211.000000	1.292300
2212.000000	1.292175
2213.000000	1.292050
2214.000000	1.291925
2215.000000	1.291800
2216.000000	1.291676
2217.000000	1.291552
2218.000000	1.291427
2219.000000	1.291304
2220.000000	1.291180
2221.000000	1.291056
2222.000000	1.290933
2223.000000	1.290810
2224.000000	1.290687
2225.000000	1.290565
2226.000000	1.290443
2227.000000	1.290322
2228.000000	1.290200
2229.000000	1.290079
2230.000000	1.289958
2231.000000	1.289838
2232.000000	1.289718
2233.000000	1.289599
2234.000000	1.289480
2235.000000	1.289362
2236.000000	1.289243
2237.000000	1.289126
2238.000000	1.289008
2239.000000	1.288892
2240.000000	1.288775
2241.000000	1.288659
2242.000000	1.288544
2243.000000	1.288429
2244.000000	1.288314
2245.000000	1.288200
2246.000000	1.288087
2247.000000	1.287974
2248.000000	1.287861
2249.000000	1.287749
2250.000000	1.287637
2251.000000	1.287525
2252.000000	1.287413
2253.000000	1.287302
2254.000000	1.287191
2255.000000	1.287080
2256.000000	1.286969
2257.000000	1.286857
2258.000000	1.286746
2259.000000	1.286635
2260.000000	1.286524
2261.000000	1.286412
2262.000000	1.286300
2263.000000	1.286188
2264.000000	1.286075
2265.000000	1.285963
2266.000000	1.285850
2267.000000	1.285737
2268.000000	1.285624
2269.000000	1.285512
2270.000000	1.285399
2271.000000	1.285287
2272.000000	1.285174
2273.000000	1.285062
2274.000000	1.284951
2275.000000	1.284840
2276.000000	1.284729
2277.000000	1.284619
2278.000000	1.284509
2279.000000	1.284400
2280.000000	1.284292
2281.000000	1.284185
2282.000000	1.284077
2283.000000	1.283971
2284.000000	1.283865
2285.000000	1.283759
2286.000000	1.283653
2287.000000	1.283548
2288.000000	1.283443
2289.000000	1.283338
2290.000000	1.283233
2291.000000	1.283128
2292.000000	1.283023
2293.000000	1.282918
2294.000000	1.282812
2295.000000	1.282706
2296.000000	1.282600
2297.000000	1.282493
2298.000000	1.282386
2299.000000	1.282279
2300.000000	1.282171
2301.000000	1.282063
2302.000000	1.281956
2303.000000	1.281848
2304.000000	1.281741
2305.000000	1.281634
2306.000000	1.281527
2307.000000	1.281421
2308.000000	1.281315
2309.000000	1.281211
2310.000000	1.281106
2311.000000	1.281004
2312.000000	1.280901
2313.000000	1.280801
2314.000000	1.280700
2315.000000	1.280602
2316.000000	1.280504
2317.000000	1.280409
2318.000000	1.280313
2319.000000	1.280221
2320.000000	1.280128
2321.000000	1.280039
2322.000000	1.279949
2323.000000	1.279863
2324.000000	1.279776
2325.000000	1.279693
2326.000000	1.279610
2327.000000	1.279531
2328.000000	1.279451
2329.000000	1.279376
2330.000000	1.279300
2331.000000	1.279228
2332.000000	1.279156
2333.000000	1.279087
2334.000000	1.279018
2335.000000	1.278950
2336.000000	1.278883
2337.000000	1.278816
2338.000000	1.278749
2339.000000	1.278681
2340.000000	1.278614
2341.000000	1.278545
2342.000000	1.278475
2343.000000	1.278403
2344.000000	1.278331
2345.000000	1.278256
2346.000000	1.278180
2347.000000	1.278099
2348.000000	1.278018
2349.000000	1.277932
2350.000000	1.277846
2351.000000	1.277755
2352.000000	1.277665
2353.000000	1.277571
2354.000000	1.277478
2355.000000	1.277382
2356.000000	1.277285
2357.000000	1.277187
2358.000000	1.277090
2359.000000	1.276991
2360.000000	1.276892
2361.000000	1.276794
2362.000000	1.276695
2363.000000	1.276598
2364.000000	1.276500
2365.000000	1.276404
2366.000000	1.276308
2367.000000	1.276214
2368.000000	1.276121
2369.000000	1.276029
2370.000000	1.275937
2371.000000	1.275847
2372.000000	1.275757
2373.000000	1.275669
2374.000000	1.275581
2375.000000	1.275495
2376.000000	1.275410
2377.000000	1.275326
2378.000000	1.275242
2379.000000	1.275161
2380.000000	1.275080
2381.000000	1.275001
2382.000000	1.274922
2383.000000	1.274845
2384.000000	1.274768
2385.000000	1.274693
2386.000000	1.274618
2387.000000	1.274546
2388.000000	1.274473
2389.000000	1.274402
2390.000000	1.274331
2391.000000	1.274262
2392.000000	1.274194
2393.000000	1.274126
2394.000000	1.274059
2395.000000	1.273994
2396.000000	1.273928
2397.000000	1.273864
2398.000000	1.273800
2399.000000	1.273737
2400.000000	1.273675
