400.000000	0.000000
401.000000	0.000000
402.000000	0.000000
403.000000	0.000000
404.000000	0.000000
405.000000	0.000000
406.000000	0.000000
407.000000	0.000000
408.000000	0.000000
409.000000	0.000000
410.000000	0.000000
411.000000	0.000000
412.000000	0.000000
413.000000	0.000000
414.000000	0.000000
415.000000	0.000000
416.000000	0.000000
417.000000	0.000000
418.000000	0.000000
419.000000	0.000000
420.000000	0.000000
421.000000	0.000000
422.000000	0.000000
423.000000	0.000000
424.000000	0.000000
425.000000	0.000000
426.000000	0.000000
427.000000	0.000000
428.000000	0.000000
429.000000	0.000000
430.000000	0.000000
431.000000	0.000000
432.000000	0.000000
433.000000	0.000000
434.000000	0.000000
435.000000	0.000000
436.000000	0.000000
437.000000	0.000000
438.000000	0.000000
439.000000	0.000000
440.000000	0.000000
441.000000	0.000000
442.000000	0.000000
443.000000	0.000000
444.000000	0.000000
445.000000	0.000000
446.000000	0.000000
447.000000	0.000000
448.000000	0.000000
449.000000	0.000000
450.000000	0.000000
451.000000	0.000000
452.000000	0.000000
453.000000	0.000000
454.000000	0.000000
455.000000	0.000000
456.000000	0.000000
457.000000	0.000000
458.000000	0.000000
459.000000	0.000000
460.000000	0.000000
461.000000	0.000000
462.000000	0.000000
463.000000	0.000000
464.000000	0.000000
465.000000	0.000000
466.000000	0.000000
467.000000	0.000000
468.000000	0.000000
469.000000	0.000000
470.000000	0.000000
471.000000	0.000000
472.000000	0.000000
473.000000	0.000000
474.000000	0.000000
475.000000	0.000000
476.000000	0.000000
477.000000	0.000000
478.000000	0.000000
479.000000	0.000000
480.000000	0.000000
481.000000	0.000000
482.000000	0.000000
483.000000	0.000000
484.000000	0.000000
485.000000	0.000000
486.000000	0.000000
487.000000	0.000000
488.000000	0.000000
489.000000	0.000000
490.000000	0.000000
491.000000	0.000000
492.000000	0.000000
493.000000	0.000000
494.000000      0.000000
495.000000	0.000000
496.000000	0.000000
497.000000	0.000000
498.000000	0.000000
499.000000	0.000000
500.000000	0.000000
501.000000	0.000000
502.000000	0.000000
503.000000	0.000000
504.000000	0.000000
505.000000	0.000000
506.000000	0.000000
507.000000	0.000000
508.000000	0.000000
509.000000	0.000000
510.000000	0.000000
511.000000	0.000000
512.000000	0.000000
513.000000	0.000000
514.000000	0.000000
515.000000	0.000000
516.000000	0.000000
517.000000	0.000000
518.000000	0.000000
519.000000	0.000000
520.000000	0.000000
521.000000	0.000000
522.000000	0.000000
523.000000	0.000000
524.000000	0.000000
525.000000	0.000000
526.000000	0.000000
527.000000	0.000000
528.000000	0.000000
529.000000	0.000000
530.000000	0.000000
531.000000	0.000000
532.000000	0.000000
533.000000	0.000000
534.000000	0.000000
535.000000	0.000000
536.000000	0.000000
537.000000	0.000000
538.000000	0.000000
539.000000	0.000000
540.000000	0.000000
541.000000	0.000000
542.000000	0.000000
543.000000	0.000000
544.000000	0.000000
545.000000	0.000000
546.000000	0.000000
547.000000	0.000000
548.000000	0.000000
549.000000	0.000000
550.000000	0.000000
551.000000	0.000000
552.000000	0.000000
553.000000	0.000000
554.000000	0.000000
555.000000	0.000000
556.000000	0.000000
557.000000	0.000000
558.000000	0.000000
559.000000	0.000000
560.000000	0.000000
561.000000	0.000000
562.000000	0.000000
563.000000	0.000000
564.000000	0.000000
565.000000	0.000000
566.000000	0.000000
567.000000	0.000000
568.000000	0.000000
569.000000	0.000000
570.000000	0.000000
571.000000      0.000000
572.000000	0.000000
573.000000	0.000000
574.000000	0.000000
575.000000	0.000000
576.000000	0.000000
577.000000	0.000000
578.000000	0.000000
579.000000	0.000000
580.000000	0.000000
581.000000	0.000000
582.000000	0.000000
583.000000	0.000000
584.000000	0.000000
585.000000	0.000000
586.000000	0.000000
587.000000	0.000000
588.000000	0.000000
589.000000	0.000000
590.000000	0.000000
591.000000	0.000000
592.000000	0.000000
593.000000	0.000000
594.000000	0.000000
595.000000	0.000000
596.000000	0.000000
597.000000	0.000000
598.000000	0.000000
599.000000	0.000000
600.000000	0.000000
601.000000	0.000000
602.000000	0.000000
603.000000	0.000000
604.000000	0.000000
605.000000	0.000000
606.000000	0.000000
607.000000	0.000000
608.000000	0.000000
609.000000	0.000000
610.000000	0.000000
611.000000	0.000000
612.000000	0.000000
613.000000	0.000000
614.000000	0.000000
615.000000	0.000000
616.000000	0.000000
617.000000	0.000000
618.000000	0.000000
619.000000	0.000000
620.000000	0.000000
621.000000	0.000000
622.000000	0.000000
623.000000	0.000000
624.000000	0.000000
625.000000	0.000000
626.000000	0.000000
627.000000	0.000000
628.000000	0.000000
629.000000	0.000000
630.000000	0.000000
631.000000	0.000000
632.000000	0.000000
633.000000	0.000000
634.000000	0.000000
635.000000	0.000000
636.000000	0.000000
637.000000	0.000000
638.000000	0.000000
639.000000	0.000000
640.000000	0.000000
641.000000	0.000000
642.000000	0.000000
643.000000	0.000000
644.000000	0.000000
645.000000	0.000000
646.000000	0.000000
647.000000	0.000000
648.000000	0.000000
649.000000	0.000000
650.000000	0.000000
651.000000	0.000000
652.000000	0.000000
653.000000	0.000000
654.000000	0.000000
655.000000	0.000000
656.000000	0.000000
657.000000	0.000000
658.000000	0.000000
659.000000	0.000000
660.000000	0.000000
661.000000	0.000000
662.000000	0.000000
663.000000	0.000000
664.000000	0.000000
665.000000	0.000000
666.000000	0.000000
667.000000	0.000000
668.000000	0.000000
669.000000	0.000000
670.000000	0.000000
671.000000	0.000000
672.000000	0.000000
673.000000	0.000000
674.000000	0.000000
675.000000	0.000000
676.000000	0.000000
677.000000	0.000000
678.000000	0.000000
679.000000	0.000000
680.000000	0.000000
681.000000	0.000000
682.000000	0.000000
683.000000	0.000000
684.000000	0.000000
685.000000	0.000000
686.000000	0.000000
687.000000	0.000000
688.000000	0.000000
689.000000	0.000000
690.000000	0.000000
691.000000	0.000000
692.000000	0.000000
693.000000	0.000000
694.000000	0.000000
695.000000	0.000000
696.000000	0.000000
697.000000	0.000000
698.000000	0.000000
699.000000	0.000000
700.000000	0.000000
701.000000	0.000000
702.000000	0.000000
703.000000	0.000000
704.000000	0.000000
705.000000	0.000000
706.000000	0.000000
707.000000	0.000000
708.000000	0.000000
709.000000	0.005008
710.000000	0.010016
711.000000	0.009550
712.000000	0.009084
713.000000	0.008942
714.000000	0.008801
715.000000	0.008940
716.000000	0.009080
717.000000	0.009456
718.000000	0.009833
719.000000	0.010404
720.000000	0.010975
721.000000	0.011696
722.000000	0.012417
723.000000	0.013245
724.000000	0.014074
725.000000	0.014965
726.000000	0.015856
727.000000	0.016768
728.000000	0.017679
729.000000	0.018566
730.000000	0.019454
731.000000	0.020281
732.000000	0.021108
733.000000	0.021853
734.000000	0.022598
735.000000	0.023241
736.000000	0.023884
737.000000	0.024406
738.000000	0.024928
739.000000	0.025309
740.000000	0.025690
741.000000	0.025982
742.000000	0.026274
743.000000	0.026642
744.000000	0.027010
745.000000	0.027455
746.000000	0.027901
747.000000	0.028296
748.000000	0.028691
749.000000	0.028890
750.000000	0.029089
751.000000	0.029039
752.000000	0.028988
753.000000	0.028777
754.000000	0.028566
755.000000	0.028295
756.000000	0.028025
757.000000	0.027797
758.000000	0.027569
759.000000	0.027485
760.000000	0.027402
761.000000	0.027563
762.000000	0.027725
763.000000	0.028233
764.000000	0.028742
765.000000	0.029535
766.000000	0.030328
767.000000	0.030826
768.000000	0.031324
769.000000	0.031473
770.000000	0.031622
771.000000	0.031503
772.000000	0.031383
773.000000	0.031074
774.000000	0.030765
775.000000	0.030347
776.000000	0.029928
777.000000	0.029480
778.000000	0.029032
779.000000	0.028630
780.000000	0.028229
781.000000	0.027900
782.000000	0.027572
783.000000	0.027295
784.000000	0.027017
785.000000	0.026769
786.000000	0.026521
787.000000	0.026280
788.000000	0.026038
789.000000	0.025782
790.000000	0.025526
791.000000	0.025251
792.000000	0.024977
793.000000	0.024695
794.000000	0.024413
795.000000	0.024134
796.000000	0.023854
797.000000	0.023588
798.000000	0.023322
799.000000	0.023080
800.000000	0.022837
801.000000	0.022629
802.000000	0.022421
803.000000	0.022263
804.000000	0.022106
805.000000	0.022036
806.000000	0.021965
807.000000	0.022024
808.000000	0.022083
809.000000	0.022313
810.000000	0.022542
811.000000	0.022984
812.000000	0.023426
813.000000	0.024089
814.000000	0.024753
815.000000	0.025548
816.000000	0.026343
817.000000	0.027163
818.000000	0.027982
819.000000	0.028733
820.000000	0.029483
821.000000	0.030156
822.000000	0.030830
823.000000	0.031459
824.000000	0.032087
825.000000	0.032702
826.000000	0.033317
827.000000	0.033950
828.000000	0.034583
829.000000	0.035258
830.000000	0.035933
831.000000	0.036629
832.000000	0.037325
833.000000	0.038005
834.000000	0.038685
835.000000	0.039312
836.000000	0.039939
837.000000	0.040477
838.000000	0.041014
839.000000	0.041435
840.000000	0.041857
841.000000	0.042181
842.000000	0.042506
843.000000	0.042767
844.000000	0.043029
845.000000	0.043262
846.000000	0.043494
847.000000	0.043731
848.000000	0.043968
849.000000	0.044243
850.000000	0.044518
851.000000	0.044865
852.000000	0.045211
853.000000	0.045640
854.000000	0.046068
855.000000	0.046558
856.000000	0.047048
857.000000	0.047577
858.000000	0.048106
859.000000	0.048651
860.000000	0.049196
861.000000	0.049735
862.000000	0.050274
863.000000	0.050821
864.000000	0.051367
865.000000	0.051976
866.000000	0.052584
867.000000	0.053312
868.000000	0.054039
869.000000	0.054904
870.000000	0.055769
871.000000	0.056694
872.000000	0.057618
873.000000	0.058510
874.000000	0.059402
875.000000	0.060181
876.000000	0.060961
877.000000	0.061632
878.000000	0.062303
879.000000	0.062901
880.000000	0.063498
881.000000	0.064057
882.000000	0.064616
883.000000	0.065172
884.000000	0.065728
885.000000	0.066315
886.000000	0.066902
887.000000	0.067555
888.000000	0.068209
889.000000	0.068946
890.000000	0.069684
891.000000	0.070493
892.000000	0.071303
893.000000	0.072168
894.000000	0.073033
895.000000	0.073940
896.000000	0.074846
897.000000	0.075777
898.000000	0.076709
899.000000	0.077650
900.000000	0.078592
901.000000	0.079530
902.000000	0.080468
903.000000	0.081413
904.000000	0.082358
905.000000	0.083334
906.000000	0.084311
907.000000	0.085341
908.000000	0.086371
909.000000	0.087439
910.000000	0.088508
911.000000	0.089552
912.000000	0.090596
913.000000	0.091550
914.000000	0.092504
915.000000	0.093302
916.000000	0.094100
917.000000	0.094689
918.000000	0.095277
919.000000	0.095881
920.000000	0.096485
921.000000	0.097618
922.000000	0.098750
923.000000	0.100937
924.000000	0.103124
925.000000	0.106891
926.000000	0.110659
927.000000	0.116532
928.000000	0.122406
929.000000	0.130911
930.000000	0.139417
931.000000	0.150872
932.000000	0.162328
933.000000	0.175970
934.000000	0.189612
935.000000	0.204326
936.000000	0.219039
937.000000	0.233757
938.000000	0.248475
939.000000	0.262756
940.000000	0.277038
941.000000	0.290897
942.000000	0.304756
943.000000	0.318216
944.000000	0.331676
945.000000	0.344761
946.000000	0.357846
947.000000	0.370554
948.000000	0.383263
949.000000	0.395337
950.000000	0.407411
951.000000	0.418439
952.000000	0.429466
953.000000	0.439032
954.000000	0.448598
955.000000	0.456287
956.000000	0.463976
957.000000	0.469470
958.000000	0.474964
959.000000	0.478757
960.000000	0.482551
961.000000	0.485545
962.000000	0.488540
963.000000	0.491613
964.000000	0.494687
965.000000	0.498019
966.000000	0.501352
967.000000	0.504373
968.000000	0.507394
969.000000	0.509496
970.000000	0.511599
971.000000	0.512416
972.000000	0.513234
973.000000	0.512963
974.000000	0.512692
975.000000	0.511608
976.000000	0.510524
977.000000	0.508904
978.000000	0.507283
979.000000	0.505402
980.000000	0.503520
981.000000	0.501564
982.000000	0.499607
983.000000	0.497587
984.000000	0.495567
985.000000	0.493428
986.000000	0.491289
987.000000	0.488942
988.000000	0.486595
989.000000	0.483949
990.000000	0.481303
991.000000	0.478267
992.000000	0.475231
993.000000	0.471689
994.000000	0.468146
995.000000	0.463685
996.000000	0.459224
997.000000	0.453247
998.000000	0.447270
999.000000	0.439190
1000.000000	0.431111
1001.000000	0.420985
1002.000000	0.410859
1003.000000	0.399605
1004.000000	0.388351
1005.000000	0.376947
1006.000000	0.365543
1007.000000	0.354968
1008.000000	0.344393
1009.000000	0.335599
1010.000000	0.326804
1011.000000	0.319967
1012.000000	0.313129
1013.000000	0.307550
1014.000000	0.301971
1015.000000	0.296907
1016.000000	0.291843
1017.000000	0.286549
1018.000000	0.281255
1019.000000	0.275018
1020.000000	0.268782
1021.000000	0.261539
1022.000000	0.254297
1023.000000	0.246601
1024.000000	0.238904
1025.000000	0.231328
1026.000000	0.223752
1027.000000	0.216871
1028.000000	0.209990
1029.000000	0.204350
1030.000000	0.198710
1031.000000	0.194400
1032.000000	0.190089
1033.000000	0.186837
1034.000000	0.183585
1035.000000	0.181110
1036.000000	0.178635
1037.000000	0.176655
1038.000000	0.174674
1039.000000	0.172920
1040.000000	0.171165
1041.000000	0.169511
1042.000000	0.167856
1043.000000	0.166271
1044.000000	0.164686
1045.000000	0.163142
1046.000000	0.161598
1047.000000	0.160066
1048.000000	0.158533
1049.000000	0.156984
1050.000000	0.155435
1051.000000	0.153840
1052.000000	0.152245
1053.000000	0.150617
1054.000000	0.148988
1055.000000	0.147464
1056.000000	0.145941
1057.000000	0.144686
1058.000000	0.143431
1059.000000	0.142590
1060.000000	0.141750
1061.000000	0.141329
1062.000000	0.140908
1063.000000	0.140850
1064.000000	0.140791
1065.000000	0.141036
1066.000000	0.141280
1067.000000	0.141771
1068.000000	0.142261
1069.000000	0.142937
1070.000000	0.143614
1071.000000	0.144420
1072.000000	0.145226
1073.000000	0.146123
1074.000000	0.147021
1075.000000	0.148019
1076.000000	0.149017
1077.000000	0.150130
1078.000000	0.151244
1079.000000	0.152487
1080.000000	0.153731
1081.000000	0.155119
1082.000000	0.156507
1083.000000	0.158054
1084.000000	0.159601
1085.000000	0.161323
1086.000000	0.163044
1087.000000	0.164954
1088.000000	0.166864
1089.000000	0.168967
1090.000000	0.171070
1091.000000	0.173330
1092.000000	0.175590
1093.000000	0.177960
1094.000000	0.180330
1095.000000	0.182764
1096.000000	0.185198
1097.000000	0.187649
1098.000000	0.190100
1099.000000	0.192616
1100.000000	0.195131
1101.000000	0.198070
1102.000000	0.201009
1103.000000	0.204794
1104.000000	0.208579
1105.000000	0.213633
1106.000000	0.218687
1107.000000	0.225432
1108.000000	0.232176
1109.000000	0.240704
1110.000000	0.249231
1111.000000	0.258735
1112.000000	0.268239
1113.000000	0.277763
1114.000000	0.287288
1115.000000	0.296047
1116.000000	0.304807
1117.000000	0.313104
1118.000000	0.321402
1119.000000	0.329974
1120.000000	0.338547
1121.000000	0.348132
1122.000000	0.357718
1123.000000	0.369054
1124.000000	0.380390
1125.000000	0.394215
1126.000000	0.408040
1127.000000	0.425086
1128.000000	0.442133
1129.000000	0.462642
1130.000000	0.483150
1131.000000	0.506450
1132.000000	0.529749
1133.000000	0.555069
1134.000000	0.580388
1135.000000	0.606956
1136.000000	0.633525
1137.000000	0.660567
1138.000000	0.687609
1139.000000	0.714092
1140.000000	0.740574
1141.000000	0.765064
1142.000000	0.789553
1143.000000	0.810583
1144.000000	0.831613
1145.000000	0.847715
1146.000000	0.863818
1147.000000	0.873635
1148.000000	0.883452
1149.000000	0.889805
1150.000000	0.896158
1151.000000	0.906458
1152.000000	0.916758
1153.000000	0.931931
1154.000000	0.947104
1155.000000	0.964633
1156.000000	0.982163
1157.000000	0.999506
1158.000000	1.016849
1159.000000	1.031464
1160.000000	1.046078
1161.000000	1.055987
1162.000000	1.065897
1163.000000	1.072982
1164.000000	1.080067
1165.000000	1.086809
1166.000000	1.093551
1167.000000	1.100074
1168.000000	1.106597
1169.000000	1.112685
1170.000000	1.118774
1171.000000	1.124225
1172.000000	1.129677
1173.000000	1.134365
1174.000000	1.139052
1175.000000	1.142873
1176.000000	1.146695
1177.000000	1.149560
1178.000000	1.152426
1179.000000	1.154441
1180.000000	1.156455
1181.000000	1.157870
1182.000000	1.159284
1183.000000	1.160354
1184.000000	1.161423
1185.000000	1.162402
1186.000000	1.163380
1187.000000	1.164505
1188.000000	1.165629
1189.000000	1.166929
1190.000000	1.168228
1191.000000	1.169600
1192.000000	1.170972
1193.000000	1.172313
1194.000000	1.173653
1195.000000	1.174856
1196.000000	1.176060
1197.000000	1.177023
1198.000000	1.177986
1199.000000	1.178603
1200.000000	1.179221
1201.000000	1.179363
1202.000000	1.179505
1203.000000	1.178965
1204.000000	1.178425
1205.000000	1.176981
1206.000000	1.175538
1207.000000	1.172970
1208.000000	1.170403
1209.000000	1.166490
1210.000000	1.162578
1211.000000	1.157302
1212.000000	1.152027
1213.000000	1.145871
1214.000000	1.139714
1215.000000	1.133234
1216.000000	1.126755
1217.000000	1.120508
1218.000000	1.114262
1219.000000	1.108806
1220.000000	1.103350
1221.000000	1.099029
1222.000000	1.094708
1223.000000	1.091440
1224.000000	1.088173
1225.000000	1.085823
1226.000000	1.083473
1227.000000	1.081907
1228.000000	1.080340
1229.000000	1.079422
1230.000000	1.078503
1231.000000	1.078098
1232.000000	1.077692
1233.000000	1.077646
1234.000000	1.077601
1235.000000	1.077537
1236.000000	1.077474
1237.000000	1.076868
1238.000000	1.076261
1239.000000	1.074583
1240.000000	1.072905
1241.000000	1.069627
1242.000000	1.066349
1243.000000	1.061034
1244.000000	1.055719
1245.000000	1.048805
1246.000000	1.041891
1247.000000	1.034298
1248.000000	1.026705
1249.000000	1.019359
1250.000000	1.012014
1251.000000	1.005842
1252.000000	0.999669
1253.000000	0.995489
1254.000000	0.991309
1255.000000	0.989121
1256.000000	0.986933
1257.000000	0.986361
1258.000000	0.985790
1259.000000	0.986458
1260.000000	0.987125
1261.000000	0.988655
1262.000000	0.990184
1263.000000	0.992197
1264.000000	0.994210
1265.000000	0.996331
1266.000000	0.998451
1267.000000	1.000441
1268.000000	1.002432
1269.000000	1.004353
1270.000000	1.006275
1271.000000	1.008227
1272.000000	1.010179
1273.000000	1.012304
1274.000000	1.014429
1275.000000	1.017076
1276.000000	1.019722
1277.000000	1.023304
1278.000000	1.026886
1279.000000	1.031818
1280.000000	1.036750
1281.000000	1.043446
1282.000000	1.050142
1283.000000	1.058764
1284.000000	1.067385
1285.000000	1.077068
1286.000000	1.086751
1287.000000	1.096370
1288.000000	1.105990
1289.000000	1.114420
1290.000000	1.122850
1291.000000	1.128965
1292.000000	1.135081
1293.000000	1.138531
1294.000000	1.141980
1295.000000	1.144981
1296.000000	1.147983
1297.000000	1.153288
1298.000000	1.158593
1299.000000	1.168954
1300.000000	1.179314
1301.000000	1.197479
1302.000000	1.215644
1303.000000	1.242319
1304.000000	1.268995
1305.000000	1.299320
1306.000000	1.329645
1307.000000	1.357818
1308.000000	1.385992
1309.000000	1.407063
1310.000000	1.428134
1311.000000	1.442661
1312.000000	1.457187
1313.000000	1.467922
1314.000000	1.478657
1315.000000	1.488361
1316.000000	1.498064
1317.000000	1.509496
1318.000000	1.520927
1319.000000	1.536846
1320.000000	1.552765
1321.000000	1.575910
1322.000000	1.599055
1323.000000	1.629948
1324.000000	1.660841
1325.000000	1.695873
1326.000000	1.730905
1327.000000	1.766016
1328.000000	1.801127
1329.000000	1.833471
1330.000000	1.865815
1331.000000	1.897755
1332.000000	1.929695
1333.000000	1.964990
1334.000000	2.000284
1335.000000	2.042693
1336.000000	2.085101
1337.000000	2.138382
1338.000000	2.191662
1339.000000	2.257631
1340.000000	2.323600
1341.000000	2.397269
1342.000000	2.470939
1343.000000	2.545834
1344.000000	2.620729
1345.000000	2.690374
1346.000000	2.760019
1347.000000	2.817943
1348.000000	2.875868
1349.000000	2.919810
1350.000000	2.963752
1351.000000	3.003522
1352.000000	3.043291
1353.000000	3.090848
1354.000000	3.138405
1355.000000	3.205709
1356.000000	3.273012
1357.000000	3.371987
1358.000000	3.470962
1359.000000	3.603781
1360.000000	3.736600
1361.000000	3.882409
1362.000000	4.028219
1363.000000	4.162843
1364.000000	4.297467
1365.000000	4.401953
1366.000000	4.506440
1367.000000	4.590817
1368.000000	4.675194
1369.000000	4.759481
1370.000000	4.843768
1371.000000	4.947996
1372.000000	5.052224
1373.000000	5.196422
1374.000000	5.340620
1375.000000	5.544819
1376.000000	5.749017
1377.000000	6.032977
1378.000000	6.316936
1379.000000	6.681975
1380.000000	7.047014
1381.000000	7.464449
1382.000000	7.881884
1383.000000	8.320277
1384.000000	8.758670
1385.000000	9.186583
1386.000000	9.614497
1387.000000	10.001157
1388.000000	10.387816
1389.000000	10.730989
1390.000000	11.074162
1391.000000	11.410397
1392.000000	11.746631
1393.000000	12.115243
1394.000000	12.483855
1395.000000	12.924163
1396.000000	13.364471
1397.000000	13.914372
1398.000000	14.464274
1399.000000	15.120006
1400.000000	15.775738
1401.000000	16.486151
1402.000000	17.196564
1403.000000	17.907939
1404.000000	18.619314
1405.000000	19.277932
1406.000000	19.936549
1407.000000	20.490426
1408.000000	21.044302
1409.000000	21.478150
1410.000000	21.911998
1411.000000	22.245506
1412.000000	22.579013
1413.000000	22.833261
1414.000000	23.087510
1415.000000	23.283582
1416.000000	23.479653
1417.000000	23.638433
1418.000000	23.797213
1419.000000	23.936492
1420.000000	24.075772
1421.000000	24.210870
1422.000000	24.345967
1423.000000	24.492219
1424.000000	24.638471
1425.000000	24.817958
1426.000000	24.997446
1427.000000	25.243752
1428.000000	25.490059
1429.000000	25.837888
1430.000000	26.185718
1431.000000	26.625669
1432.000000	27.065619
1433.000000	27.419416
1434.000000	27.773213
1435.000000	27.941880
1436.000000	28.110548
1437.000000	28.167135
1438.000000	28.223722
1439.000000	28.254402
1440.000000	28.285082
1441.000000	28.349482
1442.000000	28.413882
1443.000000	28.487333
1444.000000	28.560784
1445.000000	28.601920
1446.000000	28.643055
1447.000000	28.617764
1448.000000	28.592474
1449.000000	28.522175
1450.000000	28.451876
1451.000000	28.383639
1452.000000	28.315402
1453.000000	28.294252
1454.000000	28.273101
1455.000000	28.294027
1456.000000	28.314954
1457.000000	28.323042
1458.000000	28.331131
1459.000000	28.269307
1460.000000	28.207483
1461.000000	28.018670
1462.000000	27.829858
1463.000000	27.466026
1464.000000	27.102194
1465.000000	26.668972
1466.000000	26.235750
1467.000000	25.929153
1468.000000	25.622555
1469.000000	25.451583
1470.000000	25.280612
1471.000000	25.194478
1472.000000	25.108344
1473.000000	25.056238
1474.000000	25.004133
1475.000000	24.935248
1476.000000	24.866363
1477.000000	24.740198
1478.000000	24.614032
1479.000000	24.432285
1480.000000	24.250539
1481.000000	24.025709
1482.000000	23.800879
1483.000000	23.545462
1484.000000	23.290045
1485.000000	23.016538
1486.000000	22.743032
1487.000000	22.463933
1488.000000	22.184835
1489.000000	21.912500
1490.000000	21.640165
1491.000000	21.381936
1492.000000	21.123707
1493.000000	20.880679
1494.000000	20.637650
1495.000000	20.410523
1496.000000	20.183396
1497.000000	19.971508
1498.000000	19.759620
1499.000000	19.558571
1500.000000	19.357523
1501.000000	19.162278
1502.000000	18.967033
1503.000000	18.772557
1504.000000	18.578080
1505.000000	18.379337
1506.000000	18.180595
1507.000000	17.972550
1508.000000	17.764505
1509.000000	17.542552
1510.000000	17.320598
1511.000000	17.087955
1512.000000	16.855312
1513.000000	16.622045
1514.000000	16.388778
1515.000000	16.165147
1516.000000	15.941517
1517.000000	15.733950
1518.000000	15.526384
1519.000000	15.334125
1520.000000	15.141866
1521.000000	14.963367
1522.000000	14.784868
1523.000000	14.618583
1524.000000	14.452299
1525.000000	14.296682
1526.000000	14.141065
1527.000000	13.994568
1528.000000	13.848072
1529.000000	13.709051
1530.000000	13.570030
1531.000000	13.435763
1532.000000	13.301496
1533.000000	13.168606
1534.000000	13.035717
1535.000000	12.900817
1536.000000	12.765918
1537.000000	12.625622
1538.000000	12.485326
1539.000000	12.336810
1540.000000	12.188293
1541.000000	12.033566
1542.000000	11.878839
1543.000000	11.722369
1544.000000	11.565900
1545.000000	11.412176
1546.000000	11.258451
1547.000000	11.111959
1548.000000	10.965467
1549.000000	10.830042
1550.000000	10.694617
1551.000000	10.569584
1552.000000	10.444551
1553.000000	10.327338
1554.000000	10.210126
1555.000000	10.098271
1556.000000	9.986416
1557.000000	9.879769
1558.000000	9.773121
1559.000000	9.673648
1560.000000	9.574174
1561.000000	9.483918
1562.000000	9.393662
1563.000000	9.314667
1564.000000	9.235672
1565.000000	9.169983
1566.000000	9.104293
1567.000000	9.053953
1568.000000	9.003613
1569.000000	8.969341
1570.000000	8.935069
1571.000000	8.911562
1572.000000	8.888056
1573.000000	8.868300
1574.000000	8.848545
1575.000000	8.825528
1576.000000	8.802511
1577.000000	8.769219
1578.000000	8.735927
1579.000000	8.685346
1580.000000	8.634765
1581.000000	8.560092
1582.000000	8.485419
1583.000000	8.389029
1584.000000	8.292638
1585.000000	8.189435
1586.000000	8.086233
1587.000000	7.992023
1588.000000	7.897814
1589.000000	7.823926
1590.000000	7.750039
1591.000000	7.694219
1592.000000	7.638399
1593.000000	7.595825
1594.000000	7.553252
1595.000000	7.519103
1596.000000	7.484955
1597.000000	7.454411
1598.000000	7.423867
1599.000000	7.392106
1600.000000	7.360345
1601.000000	7.322723
1602.000000	7.285102
1603.000000	7.240765
1604.000000	7.196427
1605.000000	7.148149
1606.000000	7.099870
1607.000000	7.050569
1608.000000	7.001268
1609.000000	6.953865
1610.000000	6.906462
1611.000000	6.863738
1612.000000	6.821013
1613.000000	6.783529
1614.000000	6.746045
1615.000000	6.712583
1616.000000	6.679121
1617.000000	6.648413
1618.000000	6.617705
1619.000000	6.588482
1620.000000	6.559259
1621.000000	6.530253
1622.000000	6.501247
1623.000000	6.471190
1624.000000	6.441132
1625.000000	6.409137
1626.000000	6.377141
1627.000000	6.343813
1628.000000	6.310486
1629.000000	6.276796
1630.000000	6.243107
1631.000000	6.210027
1632.000000	6.176947
1633.000000	6.145447
1634.000000	6.113946
1635.000000	6.084744
1636.000000	6.055542
1637.000000	6.028551
1638.000000	6.001560
1639.000000	5.976532
1640.000000	5.951504
1641.000000	5.928192
1642.000000	5.904880
1643.000000	5.883037
1644.000000	5.861193
1645.000000	5.840570
1646.000000	5.819948
1647.000000	5.800298
1648.000000	5.780649
1649.000000	5.761725
1650.000000	5.742801
1651.000000	5.724450
1652.000000	5.706100
1653.000000	5.688765
1654.000000	5.671429
1655.000000	5.655778
1656.000000	5.640126
1657.000000	5.626827
1658.000000	5.613529
1659.000000	5.603252
1660.000000	5.592976
1661.000000	5.586255
1662.000000	5.579534
1663.000000	5.576209
1664.000000	5.572885
1665.000000	5.572582
1666.000000	5.572280
1667.000000	5.574623
1668.000000	5.576967
1669.000000	5.581582
1670.000000	5.586196
1671.000000	5.592706
1672.000000	5.599216
1673.000000	5.607245
1674.000000	5.615275
1675.000000	5.624450
1676.000000	5.633624
1677.000000	5.643567
1678.000000	5.653511
1679.000000	5.663848
1680.000000	5.674185
1681.000000	5.684540
1682.000000	5.694895
1683.000000	5.704893
1684.000000	5.714892
1685.000000	5.724157
1686.000000	5.733423
1687.000000	5.741620
1688.000000	5.749817
1689.000000	5.756935
1690.000000	5.764052
1691.000000	5.770237
1692.000000	5.776422
1693.000000	5.781822
1694.000000	5.787223
1695.000000	5.791986
1696.000000	5.796749
1697.000000	5.801023
1698.000000	5.805298
1699.000000	5.809232
1700.000000	5.813166
1701.000000	5.817165
1702.000000	5.821164
1703.000000	5.826214
1704.000000	5.831263
1705.000000	5.838429
1706.000000	5.845595
1707.000000	5.855943
1708.000000	5.866292
1709.000000	5.880882
1710.000000	5.895473
1711.000000	5.914650
1712.000000	5.933827
1713.000000	5.956590
1714.000000	5.979352
1715.000000	6.004549
1716.000000	6.029746
1717.000000	6.056227
1718.000000	6.082708
1719.000000	6.109328
1720.000000	6.135948
1721.000000	6.161932
1722.000000	6.187915
1723.000000	6.213067
1724.000000	6.238218
1725.000000	6.262392
1726.000000	6.286566
1727.000000	6.309617
1728.000000	6.332668
1729.000000	6.354470
1730.000000	6.376272
1731.000000	6.397477
1732.000000	6.418682
1733.000000	6.440963
1734.000000	6.463244
1735.000000	6.488341
1736.000000	6.513438
1737.000000	6.543093
1738.000000	6.572748
1739.000000	6.608661
1740.000000	6.644573
1741.000000	6.687301
1742.000000	6.730030
1743.000000	6.778884
1744.000000	6.827737
1745.000000	6.881959
1746.000000	6.936181
1747.000000	6.995015
1748.000000	7.053849
1749.000000	7.116539
1750.000000	7.179229
1751.000000	7.245020
1752.000000	7.310810
1753.000000	7.379222
1754.000000	7.447635
1755.000000	7.519757
1756.000000	7.591879
1757.000000	7.669341
1758.000000	7.746804
1759.000000	7.831047
1760.000000	7.915289
1761.000000	8.004843
1762.000000	8.094397
1763.000000	8.185556
1764.000000	8.276714
1765.000000	8.365712
1766.000000	8.454710
1767.000000	8.537781
1768.000000	8.620853
1769.000000	8.694233
1770.000000	8.767613
1771.000000	8.827536
1772.000000	8.887460
1773.000000	8.931424
1774.000000	8.975387
1775.000000	9.005596
1776.000000	9.035804
1777.000000	9.055560
1778.000000	9.075315
1779.000000	9.087921
1780.000000	9.100526
1781.000000	9.109283
1782.000000	9.118040
1783.000000	9.125451
1784.000000	9.132862
1785.000000	9.138989
1786.000000	9.145117
1787.000000	9.149559
1788.000000	9.154001
1789.000000	9.156357
1790.000000	9.158713
1791.000000	9.158581
1792.000000	9.158448
1793.000000	9.155426
1794.000000	9.152405
1795.000000	9.146092
1796.000000	9.139779
1797.000000	9.129774
1798.000000	9.119768
1799.000000	9.106009
1800.000000	9.092250
1801.000000	9.076693
1802.000000	9.061136
1803.000000	9.046476
1804.000000	9.031816
1805.000000	9.020749
1806.000000	9.009682
1807.000000	9.004905
1808.000000	9.000128
1809.000000	9.004012
1810.000000	9.007896
1811.000000	9.021251
1812.000000	9.034606
1813.000000	9.057773
1814.000000	9.080940
1815.000000	9.114257
1816.000000	9.147575
1817.000000	9.191384
1818.000000	9.235193
1819.000000	9.289123
1820.000000	9.343054
1821.000000	9.403952
1822.000000	9.464849
1823.000000	9.528874
1824.000000	9.592898
1825.000000	9.656210
1826.000000	9.719521
1827.000000	9.778280
1828.000000	9.837038
1829.000000	9.887404
1830.000000	9.937770
1831.000000	9.975903
1832.000000	10.014036
1833.000000	10.036096
1834.000000	10.058156
1835.000000	10.060304
1836.000000	10.062452
1837.000000	10.040847
1838.000000	10.019243
1839.000000	9.970047
1840.000000	9.920850
1841.000000	9.841128
1842.000000	9.761406
1843.000000	9.669368
1844.000000	9.577331
1845.000000	9.512491
1846.000000	9.447651
1847.000000	9.450461
1848.000000	9.453271
1849.000000	9.564183
1850.000000	9.675095
1851.000000	9.934562
1852.000000	10.194028
1853.000000	10.642501
1854.000000	11.090974
1855.000000	11.768905
1856.000000	12.446837
1857.000000	13.394005
1858.000000	14.341173
1859.000000	15.533772
1860.000000	16.726371
1861.000000	18.025762
1862.000000	19.325152
1863.000000	20.580635
1864.000000	21.836118
1865.000000	22.943615
1866.000000	24.051112
1867.000000	25.099640
1868.000000	26.148167
1869.000000	27.276726
1870.000000	28.405284
1871.000000	29.752875
1872.000000	31.100465
1873.000000	32.806080
1874.000000	34.511695
1875.000000	36.668474
1876.000000	38.825252
1877.000000	41.371233
1878.000000	43.917214
1879.000000	46.757678
1880.000000	49.598142
1881.000000	52.638368
1882.000000	55.678595
1883.000000	58.823850
1884.000000	61.969104
1885.000000	65.112797
1886.000000	68.256489
1887.000000	71.259168
1888.000000	74.261847
1889.000000	76.978413
1890.000000	79.694978
1891.000000	81.980329
1892.000000	84.265680
1893.000000	85.974716
1894.000000	87.683753
1895.000000	88.671374
1896.000000	89.658996
1897.000000	89.841663
1898.000000	90.024330
1899.000000	90.462897
1900.000000	90.901464
1901.000000	93.255139
1902.000000	95.608813
1903.000000	99.360706
1904.000000	103.112600
1905.000000	107.008880
1906.000000	110.905160
1907.000000	113.756040
1908.000000	116.606920
1909.000000	118.132960
1910.000000	119.658990
1911.000000	120.254210
1912.000000	120.849430
1913.000000	120.923690
1914.000000	120.997940
1915.000000	120.961080
1916.000000	120.924220
1917.000000	121.156900
1918.000000	121.389580
1919.000000	121.952200
1920.000000	122.514830
1921.000000	123.269900
1922.000000	124.024980
1923.000000	124.832090
1924.000000	125.639190
1925.000000	126.357910
1926.000000	127.076640
1927.000000	127.580630
1928.000000	128.084620
1929.000000	128.369710
1930.000000	128.654790
1931.000000	128.779660
1932.000000	128.904530
1933.000000	128.928360
1934.000000	128.952190
1935.000000	128.934180
1936.000000	128.916170
1937.000000	128.915510
1938.000000	128.914850
1939.000000	128.990280
1940.000000	129.065710
1941.000000	129.139710
1942.000000	129.213710
1943.000000	128.881710
1944.000000	128.549700
1945.000000	127.359050
1946.000000	126.168400
1947.000000	123.889080
1948.000000	121.609770
1949.000000	119.264700
1950.000000	116.919630
1951.000000	115.403200
1952.000000	113.886770
1953.000000	112.962650
1954.000000	112.038530
1955.000000	111.336820
1956.000000	110.635110
1957.000000	109.845130
1958.000000	109.055150
1959.000000	108.138600
1960.000000	107.222060
1961.000000	106.218900
1962.000000	105.215730
1963.000000	104.165880
1964.000000	103.116030
1965.000000	102.059450
1966.000000	101.002880
1967.000000	99.970932
1968.000000	98.938983
1969.000000	97.930784
1970.000000	96.922585
1971.000000	95.929698
1972.000000	94.936811
1973.000000	93.950797
1974.000000	92.964783
1975.000000	91.977207
1976.000000	90.989632
1977.000000	89.999358
1978.000000	89.009085
1979.000000	88.037371
1980.000000	87.065656
1981.000000	86.138040
1982.000000	85.210424
1983.000000	84.352447
1984.000000	83.494470
1985.000000	82.731671
1986.000000	81.968871
1987.000000	81.326789
1988.000000	80.684708
1989.000000	80.186649
1990.000000	79.688590
1991.000000	79.309383
1992.000000	78.930176
1993.000000	78.597737
1994.000000	78.265298
1995.000000	77.905623
1996.000000	77.545948
1997.000000	77.085031
1998.000000	76.624115
1999.000000	75.992621
2000.000000	75.361127
2001.000000	74.565342
2002.000000	73.769558
2003.000000	72.877082
2004.000000	71.984606
2005.000000	71.064803
2006.000000	70.145001
2007.000000	69.267237
2008.000000	68.389474
2009.000000	67.617542
2010.000000	66.845610
2011.000000	66.173904
2012.000000	65.502198
2013.000000	64.878057
2014.000000	64.253916
2015.000000	63.623784
2016.000000	62.993651
2017.000000	62.303970
2018.000000	61.614289
2019.000000	60.820929
2020.000000	60.027568
2021.000000	59.178536
2022.000000	58.329504
2023.000000	57.524912
2024.000000	56.720321
2025.000000	56.059055
2026.000000	55.397790
2027.000000	54.918375
2028.000000	54.438960
2029.000000	54.106960
2030.000000	53.774960
2031.000000	53.551577
2032.000000	53.328194
2033.000000	53.174629
2034.000000	53.021064
2035.000000	52.898520
2036.000000	52.775975
2037.000000	52.645652
2038.000000	52.515329
2039.000000	52.338430
2040.000000	52.161531
2041.000000	51.899338
2042.000000	51.637146
2043.000000	51.266779
2044.000000	50.896413
2045.000000	50.429641
2046.000000	49.962869
2047.000000	49.416045
2048.000000	48.869222
2049.000000	48.258700
2050.000000	47.648178
2051.000000	46.990473
2052.000000	46.332768
2053.000000	45.659900
2054.000000	44.987033
2055.000000	44.359176
2056.000000	43.731320
2057.000000	43.211624
2058.000000	42.691928
2059.000000	42.325340
2060.000000	41.958752
2061.000000	41.714391
2062.000000	41.470030
2063.000000	41.297273
2064.000000	41.124516
2065.000000	40.972740
2066.000000	40.820964
2067.000000	40.639546
2068.000000	40.458129
2069.000000	40.196447
2070.000000	39.934764
2071.000000	39.543742
2072.000000	39.152720
2073.000000	38.640073
2074.000000	38.127425
2075.000000	37.572707
2076.000000	37.017990
2077.000000	36.505336
2078.000000	35.992683
2079.000000	35.579420
2080.000000	35.166158
2081.000000	34.834869
2082.000000	34.503580
2083.000000	34.223925
2084.000000	33.944271
2085.000000	33.685910
2086.000000	33.427549
2087.000000	33.160190
2088.000000	32.892831
2089.000000	32.597729
2090.000000	32.302626
2091.000000	31.987567
2092.000000	31.672509
2093.000000	31.348993
2094.000000	31.025478
2095.000000	30.705005
2096.000000	30.384533
2097.000000	30.078602
2098.000000	29.772670
2099.000000	29.492780
2100.000000	29.212889
2101.000000	28.969808
2102.000000	28.726726
2103.000000	28.520832
2104.000000	28.314939
2105.000000	28.138889
2106.000000	27.962839
2107.000000	27.809103
2108.000000	27.655366
2109.000000	27.516414
2110.000000	27.377463
2111.000000	27.245767
2112.000000	27.114071
2113.000000	26.982102
2114.000000	26.850134
2115.000000	26.710946
2116.000000	26.571758
2117.000000	26.420495
2118.000000	26.269232
2119.000000	26.101506
2120.000000	25.933780
2121.000000	25.746341
2122.000000	25.558903
2123.000000	25.358463
2124.000000	25.158023
2125.000000	24.956442
2126.000000	24.754861
2127.000000	24.564041
2128.000000	24.373222
2129.000000	24.205068
2130.000000	24.036914
2131.000000	23.903328
2132.000000	23.769742
2133.000000	23.682586
2134.000000	23.595429
2135.000000	23.553301
2136.000000	23.511174
2137.000000	23.480671
2138.000000	23.450167
2139.000000	23.393152
2140.000000	23.336137
2141.000000	23.221292
2142.000000	23.106447
2143.000000	22.941189
2144.000000	22.775931
2145.000000	22.581338
2146.000000	22.386745
2147.000000	22.183909
2148.000000	21.981074
2149.000000	21.791090
2150.000000	21.601106
2151.000000	21.441289
2152.000000	21.281472
2153.000000	21.151666
2154.000000	21.021860
2155.000000	20.916861
2156.000000	20.811862
2157.000000	20.726464
2158.000000	20.641067
2159.000000	20.570066
2160.000000	20.499066
2161.000000	20.437742
2162.000000	20.376418
2163.000000	20.321875
2164.000000	20.267332
2165.000000	20.217107
2166.000000	20.166883
2167.000000	20.118513
2168.000000	20.070143
2169.000000	20.021164
2170.000000	19.972184
2171.000000	19.920946
2172.000000	19.869708
2173.000000	19.817073
2174.000000	19.764437
2175.000000	19.711749
2176.000000	19.659062
2177.000000	19.607665
2178.000000	19.556269
2179.000000	19.507506
2180.000000	19.458744
2181.000000	19.412872
2182.000000	19.367001
2183.000000	19.321527
2184.000000	19.276054
2185.000000	19.228055
2186.000000	19.180057
2187.000000	19.126611
2188.000000	19.073165
2189.000000	19.011363
2190.000000	18.949560
2191.000000	18.878675
2192.000000	18.807791
2193.000000	18.731676
2194.000000	18.655561
2195.000000	18.578643
2196.000000	18.501724
2197.000000	18.428428
2198.000000	18.355133
2199.000000	18.289865
2200.000000	18.224598
2201.000000	18.169829
2202.000000	18.115059
2203.000000	18.069891
2204.000000	18.024723
2205.000000	17.987924
2206.000000	17.951125
2207.000000	17.921461
2208.000000	17.891798
2209.000000	17.868037
2210.000000	17.844275
2211.000000	17.825182
2212.000000	17.806089
2213.000000	17.790635
2214.000000	17.775181
2215.000000	17.764343
2216.000000	17.753505
2217.000000	17.749399
2218.000000	17.745293
2219.000000	17.750049
2220.000000	17.754805
2221.000000	17.770553
2222.000000	17.786300
2223.000000	17.814777
2224.000000	17.843253
2225.000000	17.883118
2226.000000	17.922983
2227.000000	17.971442
2228.000000	18.019901
2229.000000	18.074152
2230.000000	18.128403
2231.000000	18.185643
2232.000000	18.242884
2233.000000	18.300990
2234.000000	18.359096
2235.000000	18.420240
2236.000000	18.481385
2237.000000	18.549416
2238.000000	18.617446
2239.000000	18.696214
2240.000000	18.774982
2241.000000	18.868339
2242.000000	18.961696
2243.000000	19.071517
2244.000000	19.181339
2245.000000	19.299348
2246.000000	19.417356
2247.000000	19.532020
2248.000000	19.646683
2249.000000	19.747173
2250.000000	19.847663
2251.000000	19.932571
2252.000000	20.017479
2253.000000	20.092121
2254.000000	20.166762
2255.000000	20.236597
2256.000000	20.306433
2257.000000	20.376924
2258.000000	20.447415
2259.000000	20.524021
2260.000000	20.600627
2261.000000	20.688809
2262.000000	20.776991
2263.000000	20.879950
2264.000000	20.982909
2265.000000	21.096115
2266.000000	21.209322
2267.000000	21.326594
2268.000000	21.443867
2269.000000	21.559024
2270.000000	21.674182
2271.000000	21.781045
2272.000000	21.887908
2273.000000	21.982816
2274.000000	22.077724
2275.000000	22.164071
2276.000000	22.250417
2277.000000	22.332823
2278.000000	22.415229
2279.000000	22.498316
2280.000000	22.581403
2281.000000	22.669786
2282.000000	22.758168
2283.000000	22.854774
2284.000000	22.951379
2285.000000	23.055234
2286.000000	23.159090
2287.000000	23.268676
2288.000000	23.378263
2289.000000	23.492059
2290.000000	23.605855
2291.000000	23.722341
2292.000000	23.838827
2293.000000	23.956481
2294.000000	24.074136
2295.000000	24.191439
2296.000000	24.308742
2297.000000	24.424174
2298.000000	24.539605
2299.000000	24.652557
2300.000000	24.765508
2301.000000	24.879400
2302.000000	24.993292
2303.000000	25.112658
2304.000000	25.232024
2305.000000	25.361396
2306.000000	25.490767
2307.000000	25.634676
2308.000000	25.778585
2309.000000	25.941564
2310.000000	26.104544
2311.000000	26.291127
2312.000000	26.477709
2313.000000	26.692426
2314.000000	26.907143
2315.000000	27.154528
2316.000000	27.401913
2317.000000	27.686497
2318.000000	27.971081
2319.000000	28.297398
2320.000000	28.623714
2321.000000	28.995326
2322.000000	29.366939
2323.000000	29.760108
2324.000000	30.153277
2325.000000	30.513829
2326.000000	30.874382
2327.000000	31.146628
2328.000000	31.418874
2329.000000	31.572941
2330.000000	31.727008
2331.000000	31.795675
2332.000000	31.864342
2333.000000	31.889707
2334.000000	31.915071
2335.000000	31.939231
2336.000000	31.963392
2337.000000	32.028447
2338.000000	32.093502
2339.000000	32.241549
2340.000000	32.389596
2341.000000	32.659441
2342.000000	32.929286
2343.000000	33.309236
2344.000000	33.689187
2345.000000	34.128039
2346.000000	34.566891
2347.000000	35.012597
2348.000000	35.458303
2349.000000	35.874282
2350.000000	36.290261
2351.000000	36.665757
2352.000000	37.041252
2353.000000	37.367959
2354.000000	37.694667
2355.000000	37.964283
2356.000000	38.233899
2357.000000	38.438409
2358.000000	38.642919
2359.000000	38.787560
2360.000000	38.932201
2361.000000	39.040679
2362.000000	39.149157
2363.000000	39.246547
2364.000000	39.343936
2365.000000	39.455312
2366.000000	39.566689
2367.000000	39.717128
2368.000000	39.867567
2369.000000	40.082144
2370.000000	40.296720
2371.000000	40.600509
2372.000000	40.904298
2373.000000	41.322301
2374.000000	41.740305
2375.000000	42.266210
2376.000000	42.792114
2377.000000	43.339747
2378.000000	43.887379
2379.000000	44.358021
2380.000000	44.828663
2381.000000	45.139821
2382.000000	45.450979
2383.000000	45.618001
2384.000000	45.785023
2385.000000	45.859750
2386.000000	45.934477
2387.000000	45.968815
2388.000000	46.003153
2389.000000	46.049005
2390.000000	46.094857
2391.000000	46.204048
2392.000000	46.313240
2393.000000	46.537202
2394.000000	46.761163
2395.000000	47.151206
2396.000000	47.541248
2397.000000	48.142235
2398.000000	48.743221
2399.000000	49.518558
2400.000000	50.293896
