1.515721
1.514833
1.513944
1.513122
1.512300
1.511543
1.510786
1.510093
1.509400
1.508769
1.508139
1.507569
1.507000
1.506486
1.505971
1.505486
1.505000
1.504526
1.504052
1.503626
1.503200
1.502855
1.502509
1.502205
1.501900
1.501594
1.501287
1.500994
1.500700
1.500440
1.500180
1.499940
1.499700
1.499466
1.499232
1.499016
1.498800
1.498609
1.498418
1.498209
1.498000
1.497736
1.497472
1.497186
1.496900
1.496634
1.496368
1.496134
1.495900
1.495697
1.495493
1.495297
1.495100
1.494892
1.494684
1.494492
1.494300
1.494148
1.493996
1.493848
1.493700
1.493523
1.493347
1.493173
1.493000
1.492865
1.492731
1.492615
1.492500
1.492378
1.492256
1.492128
1.492000
1.491873
1.491746
1.491623
1.491500
1.491381
1.491261
1.491131
1.491000
1.490849
1.490698
1.490549
1.490400
1.490274
1.490149
1.490024
1.489900
1.489754
1.489608
1.489454
1.489300
1.489153
1.489006
1.488853
1.488700
1.488529
1.488357
1.488179
1.488000
1.487827
1.487654
1.487477
1.487300
1.487107
1.486914
1.486707
1.486500
1.486282
1.486064
1.485832
1.485600
1.485353
1.484852
1.484600
1.484352
1.484104
1.483852
1.483600
1.483333
1.483067
1.482783
1.482500
1.482202
1.481904
1.481602
1.481300
1.481002
1.480703
1.480402
1.480100
1.479785
1.479470
1.479135
1.478800
1.478446
1.478093
1.477746
1.477400
1.477080
1.476759
1.476430
1.476100
1.475729
1.475359
1.474979
1.474600
1.474247
1.473893
1.473547
1.473200
1.472834
1.472469
1.472084
1.471700
1.471304
1.470908
1.470504
1.470100
1.469694
1.469288
1.468894
1.468500
1.468126
1.467752
1.467376
1.467000
1.466601
1.466202
1.465801
1.465400
1.465020
1.464639
1.464270
1.463900
1.463527
1.463155
1.462777
1.462400
1.462022
1.461643
1.461272
1.460900
1.460543
1.460186
1.459843
1.459500
1.459169
1.458839
1.458519
1.458200
1.457893
1.457585
1.457293
1.457000
1.456723
1.456446
1.456173
1.455900
1.455622
1.455343
1.455072
1.454800
1.454547
1.454294
1.453800
1.453547
1.453294
1.453047
1.452800
1.452572
1.452343
1.452122
1.451900
1.451673
1.451446
1.451223
1.451000
1.450793
1.450585
1.450393
1.450200
1.450019
1.449838
1.449669
1.449500
1.449344
1.449187
1.449044
1.448900
1.448769
1.448638
1.448519
1.448400
1.448293
1.448185
1.448093
1.448000
1.447923
1.447846
1.447773
1.447700
1.447622
1.447544
1.447472
1.447400
1.447346
1.447291
1.447246
1.447200
1.447152
1.447105
1.447053
1.447000
1.446945
1.446889
1.446845
1.446800
1.446775
1.446750
1.446725
1.446700
1.446655
1.446611
1.446555
1.446500
1.446447
1.446395
1.446347
1.446300
1.446256
1.446211
1.446156
1.446100
1.446024
1.445948
1.445874
1.445800
1.445749
1.445698
1.445649
1.445600
1.445530
1.445461
1.445380
1.445300
1.445224
1.445148
1.445074
1.445000
1.444925
1.444849
1.444775
1.444700
1.444628
1.444555
1.444478
1.444400
1.444309
1.444217
1.444109
1.444000
1.443875
1.443751
1.443625
1.443500
1.443384
1.443268
1.443134
1.443000
1.442827
1.442653
1.442477
1.442300
1.442153
1.442006
1.441853
1.441700
1.441504
1.441309
1.441104
1.440900
1.440724
1.440547
1.440374
1.440200
1.440002
1.439803
1.439602
1.439400
1.439221
1.439041
1.438871
1.438700
1.438522
1.438344
1.438172
1.438000
1.437847
1.437694
1.437547
1.437400
1.437246
1.437092
1.436946
1.436800
1.436676
1.436551
1.436426
1.436300
1.436152
1.436004
1.435852
1.435700
1.435567
1.435434
1.435317
1.435200
1.435093
1.434986
1.434893
1.434800
1.434724
1.434648
1.434574
1.434500
1.434418
1.434336
1.434268
1.434200
1.434168
1.434135
1.434118
1.434100
1.434074
1.434049
1.434024
1.434000
1.433992
1.433983
1.433992
1.434000
1.434022
1.434044
1.434072
1.434100
1.434127
1.434154
1.434177
1.434200
1.434220
1.434241
1.434270
1.434300
1.434348
1.434395
1.434448
1.434500
1.434541
1.434583
1.434612
1.434640
1.434659
1.434677
1.434688
1.434698
1.434702
1.434706
1.434707
1.434707
1.434705
1.434703
1.434702
1.434700
1.434701
1.434701
1.434705
1.434709
1.434714
1.434720
1.434727
1.434735
1.434743
1.434751
1.434759
1.434767
1.434774
1.434781
1.434787
1.434793
1.434796
1.434800
1.434801
1.434802
1.434800
1.434798
1.434794
1.434790
1.434784
1.434778
1.434771
1.434764
1.434755
1.434747
1.434738
1.434729
1.434719
1.434710
1.434700
1.434691
1.434681
1.434672
1.434662
1.434652
1.434642
1.434632
1.434621
1.434610
1.434599
1.434587
1.434574
1.434561
1.434547
1.434532
1.434516
1.434500
1.434482
1.434464
1.434444
1.434425
1.434403
1.434382
1.434359
1.434336
1.434312
1.434288
1.434262
1.434237
1.434210
1.434183
1.434156
1.434128
1.434100
1.434071
1.434042
1.434013
1.433984
1.433954
1.433924
1.433894
1.433864
1.433834
1.433805
1.433775
1.433745
1.433715
1.433686
1.433657
1.433629
1.433600
1.433572
1.433544
1.433517
1.433490
1.433462
1.433435
1.433408
1.433380
1.433351
1.433323
1.433293
1.433264
1.433232
1.433201
1.433168
1.433135
1.433099
1.433064
1.433026
1.432988
1.432948
1.432909
1.432867
1.432826
1.432784
1.432742
1.432699
1.432656
1.432613
1.432570
1.432527
1.432484
1.432442
1.432400
1.432359
1.432318
1.432278
1.432238
1.432198
1.432158
1.432118
1.432078
1.432038
1.431998
1.431957
1.431916
1.431874
1.431832
1.431788
1.431745
1.431700
1.431654
1.431607
1.431559
1.431510
1.431461
1.431410
1.431359
1.431306
1.431253
1.431199
1.431144
1.431088
1.431032
1.430975
1.430917
1.430859
1.430800
1.430740
1.430680
1.430619
1.430558
1.430495
1.430433
1.430369
1.430305
1.430240
1.430176
1.430109
1.430043
1.429975
1.429908
1.429839
1.429770
1.429700
1.429629
1.429558
1.429486
1.429413
1.429340
1.429266
1.429191
1.429115
1.429039
1.428962
1.428884
1.428805
1.428726
1.428645
1.428565
1.428482
1.428400
1.428316
1.428232
1.428146
1.428061
1.427974
1.427887
1.427799
1.427711
1.427622
1.427533
1.427443
1.427353
1.427263
1.427173
1.427082
1.426991
1.426900
1.426809
1.426718
1.426627
1.426535
1.426443
1.426351
1.426259
1.426165
1.426072
1.425978
1.425884
1.425788
1.425692
1.425595
1.425498
1.425399
1.425300
1.425199
1.425098
1.424996
1.424893
1.424789
1.424685
1.424579
1.424474
1.424367
1.424260
1.424152
1.424045
1.423936
1.423828
1.423719
1.423609
1.423500
1.423391
1.423281
1.423171
1.423061
1.422950
1.422840
1.422729
1.422618
1.422506
1.422394
1.422282
1.422170
1.422057
1.421943
1.421829
1.421715
1.421600
1.421484
1.421369
1.421252
1.421136
1.421018
1.420901
1.420783
1.420665
1.420547
1.420429
1.420310
1.420192
1.420073
1.419955
1.419837
1.419718
1.419600
1.419482
1.419364
1.419246
1.419129
1.419011
1.418894
1.418777
1.418659
1.418542
1.418424
1.418307
1.418189
1.418072
1.417954
1.417836
1.417718
1.417600
1.417482
1.417363
1.417244
1.417126
1.417007
1.416888
1.416770
1.416651
1.416533
1.416415
1.416297
1.416180
1.416063
1.415946
1.415831
1.415715
1.415600
1.415486
1.415373
1.415259
1.415147
1.415034
1.414923
1.414811
1.414700
1.414589
1.414478
1.414367
1.414256
1.414145
1.414034
1.413923
1.413812
1.413700
1.413588
1.413476
1.413363
1.413251
1.413138
1.413025
1.412913
1.412800
1.412687
1.412575
1.412463
1.412351
1.412240
1.412129
1.412019
1.411909
1.411800
1.411692
1.411584
1.411477
1.411370
1.411264
1.411158
1.411052
1.410947
1.410842
1.410737
1.410632
1.410527
1.410422
1.410317
1.410211
1.410106
1.410000
1.409894
1.409787
1.409681
1.409574
1.409467
1.409360
1.409253
1.409146
1.409039
1.408932
1.408827
1.408721
1.408616
1.408511
1.408407
1.408303
1.408200
1.408098
1.407997
1.407896
1.407796
1.407696
1.407597
1.407498
1.407399
1.407300
1.407201
1.407102
1.407003
1.406903
1.406803
1.406703
1.406601
1.406500
1.406397
1.406294
1.406190
1.406086
1.405981
1.405876
1.405770
1.405663
1.405557
1.405450
1.405343
1.405236
1.405129
1.405021
1.404914
1.404807
1.404700
1.404593
1.404487
1.404380
1.404274
1.404168
1.404062
1.403956
1.403850
1.403745
1.403639
1.403533
1.403428
1.403322
1.403217
1.403111
1.403006
1.402900
1.402794
1.402689
1.402583
1.402477
1.402371
1.402265
1.402159
1.402053
1.401947
1.401841
1.401735
1.401629
1.401523
1.401417
1.401312
1.401206
1.401100
1.400994
1.400889
1.400783
1.400678
1.400572
1.400467
1.400361
1.400255
1.400150
1.400044
1.399938
1.399832
1.399726
1.399620
1.399513
1.399407
1.399300
1.399193
1.399086
1.398979
1.398871
1.398764
1.398657
1.398550
1.398443
1.398336
1.398230
1.398124
1.398019
1.397914
1.397809
1.397706
1.397602
1.397500
1.397398
1.397298
1.397197
1.397098
1.396998
1.396899
1.396800
1.396701
1.396603
1.396504
1.396405
1.396305
1.396205
1.396105
1.396004
1.395902
1.395800
1.395696
1.395593
1.395488
1.395382
1.395276
1.395170
1.395063
1.394956
1.394849
1.394742
1.394635
1.394528
1.394422
1.394316
1.394210
1.394105
1.394000
1.393896
1.393793
1.393691
1.393589
1.393488
1.393387
1.393287
1.393187
1.393088
1.392989
1.392890
1.392791
1.392693
1.392594
1.392496
1.392398
1.392300
1.392202
1.392104
1.392005
1.391907
1.391808
1.391709
1.391610
1.391511
1.391411
1.391311
1.391211
1.391110
1.391009
1.390908
1.390805
1.390703
1.390600
1.390496
1.390392
1.390288
1.390183
1.390077
1.389971
1.389866
1.389759
1.389653
1.389546
1.389440
1.389333
1.389226
1.389119
1.389013
1.388906
1.388800
1.388694
1.388588
1.388482
1.388377
1.388271
1.388166
1.388060
1.387955
1.387849
1.387744
1.387638
1.387532
1.387426
1.387320
1.387214
1.387107
1.387000
1.386893
1.386785
1.386677
1.386568
1.386459
1.386349
1.386239
1.386128
1.386017
1.385905
1.385793
1.385679
1.385565
1.385450
1.385334
1.385217
1.385100
1.384981
1.384862
1.384742
1.384621
1.384499
1.384377
1.384254
1.384130
1.384006
1.383882
1.383756
1.383631
1.383505
1.383379
1.383253
1.383127
1.383000
1.382873
1.382746
1.382620
1.382492
1.382365
1.382237
1.382109
1.381980
1.381852
1.381722
1.381593
1.381462
1.381331
1.381199
1.381067
1.380934
1.380800
1.380665
1.380530
1.380393
1.380256
1.380118
1.379980
1.379840
1.379700
1.379558
1.379417
1.379273
1.379130
1.378985
1.378841
1.378694
1.378548
1.378400
1.378252
1.378102
1.377953
1.377802
1.377651
1.377499
1.377347
1.377193
1.377040
1.376886
1.376732
1.376577
1.376423
1.376267
1.376112
1.375956
1.375800
1.375644
1.375488
1.375331
1.375175
1.375017
1.374860
1.374702
1.374545
1.374386
1.374227
1.374068
1.373908
1.373747
1.373587
1.373425
1.373263
1.373100
1.372936
1.372772
1.372608
1.372442
1.372277
1.372111
1.371945
1.371780
1.371614
1.371448
1.371283
1.371118
1.370953
1.370789
1.370625
1.370462
1.370300
1.370139
1.369978
1.369819
1.369660
1.369501
1.369343
1.369185
1.369027
1.368870
1.368712
1.368554
1.368396
1.368238
1.368079
1.367920
1.367761
1.367600
1.367439
1.367276
1.367114
1.366950
1.366787
1.366622
1.366458
1.366292
1.366127
1.365961
1.365795
1.365629
1.365463
1.365297
1.365131
1.364966
1.364800
1.364635
1.364470
1.364305
1.364140
1.363975
1.363811
1.363647
1.363482
1.363318
1.363154
1.362989
1.362825
1.362660
1.362495
1.362330
1.362165
1.362000
1.361834
1.361669
1.361503
1.361337
1.361171
1.361005
1.360839
1.360673
1.360508
1.360343
1.360178
1.360014
1.359849
1.359686
1.359523
1.359362
1.359200
1.359040
1.358880
1.358721
1.358562
1.358404
1.358246
1.358088
1.357930
1.357772
1.357615
1.357457
1.357299
1.357140
1.356981
1.356821
1.356661
1.356500
1.356338
1.356175
1.356012
1.355848
1.355683
1.355518
1.355353
1.355187
1.355022
1.354856
1.354690
1.354524
1.354359
1.354193
1.354028
1.353864
1.353700
1.353537
1.353374
1.353212
1.353051
1.352890
1.352730
1.352570
1.352411
1.352252
1.352094
1.351936
1.351779
1.351623
1.351466
1.351311
1.351155
1.351000
1.350846
1.350692
1.350538
1.350384
1.350231
1.350078
1.349925
1.349772
1.349620
1.349467
1.349315
1.349163
1.349010
1.348858
1.348705
1.348553
1.348400
1.348247
1.348094
1.347941
1.347788
1.347634
1.347481
1.347327
1.347174
1.347021
1.346868
1.346714
1.346561
1.346409
1.346256
1.346104
1.345952
1.345800
1.345649
1.345498
1.345347
1.345197
1.345047
1.344898
1.344749
1.344601
1.344454
1.344307
1.344161
1.344016
1.343870
1.343727
1.343584
1.343442
1.343300
1.343160
1.343020
1.342882
1.342744
1.342607
1.342470
1.342335
1.342199
1.342065
1.341930
1.341797
1.341663
1.341530
1.341397
1.341265
1.341132
1.341000
1.340868
1.340736
1.340604
1.340472
1.340341
1.340210
1.340079
1.339949
1.339819
1.339690
1.339560
1.339432
1.339304
1.339177
1.339051
1.338925
1.338800
1.338676
1.338553
1.338431
1.338309
1.338188
1.338068
1.337949
1.337830
1.337713
1.337596
1.337480
1.337365
1.337250
1.337136
1.337024
1.336911
1.336800
1.336689
1.336580
1.336470
1.336362
1.336254
1.336147
1.336040
1.335934
1.335829
1.335724
1.335619
1.335515
1.335411
1.335308
1.335205
1.335102
1.335000
1.334898
1.334796
1.334695
1.334594
1.334493
1.334392
1.334292
1.334192
1.334092
1.333992
1.333893
1.333793
1.333694
1.333595
1.333497
1.333398
1.333300
1.333202
1.333104
1.333007
1.332910
1.332813
1.332717
1.332621
1.332526
1.332431
1.332337
1.332243
1.332151
1.332059
1.331968
1.331877
1.331789
1.331700
1.331613
1.331527
1.331442
1.331357
1.331273
1.331190
1.331108
1.331026
1.330944
1.330863
1.330782
1.330702
1.330621
1.330541
1.330461
1.330380
1.330300
1.330219
1.330138
1.330058
1.329976
1.329895
1.329813
1.329731
1.329649
1.329567
1.329484
1.329402
1.329318
1.329235
1.329152
1.329068
1.328984
1.328900
1.328816
1.328731
1.328646
1.328562
1.328477
1.328393
1.328309
1.328225
1.328142
1.328059
1.327977
1.327895
1.327815
1.327734
1.327656
1.327577
1.327501
1.327424
1.327350
1.327276
1.327203
1.327131
1.327060
1.326989
1.326919
1.326849
1.326780
1.326711
1.326643
1.326574
1.326506
1.326437
1.326369
1.326300
1.326231
1.326162
1.326092
1.326023
1.325952
1.325882
1.325812
1.325741
1.325671
1.325600
1.325529
1.325458
1.325386
1.325315
1.325243
1.325172
1.325100
1.325028
1.324957
1.324885
1.324813
1.324741
1.324670
1.324598
1.324527
1.324456
1.324386
1.324315
1.324245
1.324175
1.324106
1.324037
1.323968
1.323900
1.323833
1.323765
1.323699
1.323633
1.323567
1.323502
1.323437
1.323372
1.323308
1.323243
1.323180
1.323116
1.323053
1.322989
1.322926
1.322863
1.322800
1.322737
1.322674
1.322611
1.322548
1.322485
1.322422
1.322358
1.322294
1.322230
1.322166
1.322101
1.322035
1.321970
1.321903
1.321836
1.321768
1.321700
1.321631
1.321561
1.321490
1.321420
1.321348
1.321277
1.321205
1.321134
1.321062
1.320990
1.320919
1.320848
1.320777
1.320707
1.320638
1.320568
1.320500
1.320433
1.320367
1.320300
1.320235
1.320170
1.320106
1.320042
1.319978
1.319915
1.319851
1.319787
1.319724
1.319660
1.319595
1.319531
1.319466
1.319400
1.319333
1.319267
1.319199
1.319131
1.319062
1.318992
1.318922
1.318852
1.318781
1.318710
1.318638
1.318566
1.318493
1.318421
1.318347
1.318274
1.318200
1.318126
1.318052
1.317977
1.317902
1.317827
1.317752
1.317676
1.317600
1.317524
1.317447
1.317370
1.317292
1.317215
1.317137
1.317058
1.316979
1.316900
1.316820
1.316740
1.316660
1.316579
1.316497
1.316416
1.316334
1.316252
1.316169
1.316087
1.316003
1.315920
1.315836
1.315753
1.315669
1.315584
1.315500
1.315415
1.315330
1.315245
1.315160
1.315074
1.314988
1.314901
1.314814
1.314726
1.314638
1.314549
1.314459
1.314369
1.314278
1.314186
1.314093
1.314000
1.313905
1.313810
1.313713
1.313617
1.313518
1.313420
1.313320
1.313221
1.313120
1.313019
1.312917
1.312816
1.312713
1.312610
1.312507
1.312404
1.312300
1.312196
1.312092
1.311988
1.311883
1.311779
1.311673
1.311568
1.311463
1.311357
1.311251
1.311145
1.311038
1.310931
1.310824
1.310716
1.310608
1.310500
1.310391
1.310282
1.310173
1.310063
1.309953
1.309843
1.309732
1.309620
1.309508
1.309397
1.309284
1.309171
1.309058
1.308944
1.308830
1.308715
1.308600
1.308485
1.308368
1.308252
1.308135
1.308019
1.307901
1.307784
1.307666
1.307548
1.307430
1.307311
1.307193
1.307074
1.306956
1.306837
1.306719
1.306600
1.306482
1.306363
1.306245
1.306126
1.306008
1.305890
1.305772
1.305654
1.305537
1.305419
1.305302
1.305184
1.305067
1.304950
1.304833
1.304717
1.304600
1.304484
1.304368
1.304251
1.304135
1.304019
1.303903
1.303786
1.303670
1.303553
1.303435
1.303318
1.303199
1.303081
1.302961
1.302842
1.302721
1.302600
1.302478
1.302355
1.302231
1.302108
1.301983
1.301859
1.301734
1.301609
1.301485
1.301360
1.301236
1.301112
1.300988
1.300865
1.300743
1.300621
1.300501
1.300380
1.300262
1.300143
1.300026
1.299908
1.299792
1.299675
1.299559
1.299442
1.299326
1.299210
1.299093
1.298976
1.298857
1.298739
1.298620
1.298500
1.298379
1.298257
1.298134
1.298011
1.297887
1.297763
1.297638
1.297513
1.297388
1.297263
1.297139
1.297014
1.296890
1.296767
1.296644
1.296521
1.296401
1.296280
1.296160
1.296041
1.295923
1.295806
1.295689
1.295572
1.295455
1.295339
1.295222
1.295106
1.294989
1.294872
1.294755
1.294637
1.294519
1.294400
1.294280
1.294160
1.294038
1.293917
1.293794
1.293672
1.293548
1.293424
1.293300
1.293176
1.293051
1.292926
1.292801
1.292676
1.292551
1.292425
1.292300
1.292175
1.292050
1.291925
1.291800
1.291676
1.291552
1.291427
1.291304
1.291180
1.291056
1.290933
1.290810
1.290687
1.290565
1.290443
1.290322
1.290200
1.290079
1.289958
1.289838
1.289718
1.289599
1.289480
1.289362
1.289243
1.289126
1.289008
1.288892
1.288775
1.288659
1.288544
1.288429
1.288314
1.288200
1.288087
1.287974
1.287861
1.287749
1.287637
1.287525
1.287413
1.287302
1.287191
1.287080
1.286969
1.286857
1.286746
1.286635
1.286524
1.286412
1.286300
1.286188
1.286075
1.285963
1.285850
1.285737
1.285624
1.285512
1.285399
1.285287
1.285174
1.285062
1.284951
1.284840
1.284729
1.284619
1.284509
1.284400
1.284292
1.284185
1.284077
1.283971
1.283865
1.283759
1.283653
1.283548
1.283443
1.283338
1.283233
1.283128
1.283023
1.282918
1.282812
1.282706
1.282600
1.282493
1.282386
1.282279
1.282171
1.282063
1.281956
1.281848
1.281741
1.281634
1.281527
1.281421
1.281315
1.281211
1.281106
1.281004
1.280901
1.280801
1.280700
1.280602
1.280504
1.280409
1.280313
1.280221
1.280128
1.280039
1.279949
1.279863
1.279776
1.279693
1.279610
1.279531
1.279451
1.279376
1.279300
1.279228
1.279156
1.279087
1.279018
1.278950
1.278883
1.278816
1.278749
1.278681
1.278614
1.278545
1.278475
1.278403
1.278331
1.278256
1.278180
1.278099
1.278018
1.277932
1.277846
1.277755
1.277665
1.277571
1.277478
1.277382
1.277285
1.277187
1.277090
1.276991
1.276892
1.276794
1.276695
1.276598
1.276500
1.276404
1.276308
1.276214
1.276121
1.276029
1.275937
1.275847
1.275757
1.275669
1.275581
1.275495
1.275410
1.275326
1.275242
1.275161
1.275080
1.275001
1.274922
1.274845
1.274768
1.274693
1.274618
1.274546
1.274473
1.274402
1.274331
1.274262
1.274194
1.274126
1.274059
1.273994
1.273928
1.273864
1.273800
1.273737
1.273675
