400.000000 0.053023 0.022753 1.992964
401.000000 0.052901 0.022786 1.992964
402.000000 0.052778 0.022819 1.992964
403.000000 0.052664 0.022850 1.992964
404.000000 0.052551 0.022880 1.992964
405.000000 0.052436 0.022767 1.997929
406.000000 0.052321 0.022653 2.002933
407.000000 0.052198 0.022282 2.017053
408.000000 0.052075 0.021918 2.031172
409.000000 0.052016 0.022350 2.016367
410.000000 0.051959 0.022790 2.001562
411.000000 0.051892 0.022961 1.996313
412.000000 0.051824 0.023135 1.991023
413.000000 0.051779 0.023505 1.979008
414.000000 0.051735 0.023882 1.966954
415.000000 0.051693 0.024229 1.956076
416.000000 0.051652 0.024579 1.945238
417.000000 0.051620 0.025022 1.931622
418.000000 0.051589 0.025473 1.918006
419.000000 0.051556 0.025807 1.908172
420.000000 0.051523 0.026147 1.898338
421.000000 0.051480 0.026220 1.896567
422.000000 0.051438 0.026294 1.894755
423.000000 0.051394 0.026277 1.895685
424.000000 0.051349 0.026258 1.896656
425.000000 0.051309 0.026299 1.895809
426.000000 0.051270 0.026340 1.894962
427.000000 0.051228 0.026341 1.895325
428.000000 0.051187 0.026343 1.895648
429.000000 0.051176 0.026648 1.886821
430.000000 0.051165 0.026956 1.878035
431.000000 0.051153 0.027225 1.870458
432.000000 0.051143 0.027498 1.862842
433.000000 0.051130 0.027735 1.856356
434.000000 0.051117 0.027973 1.849869
435.000000 0.051110 0.028244 1.842529
436.000000 0.051104 0.028515 1.835228
437.000000 0.051175 0.029607 1.805772
438.000000 0.051253 0.030742 1.776316
439.000000 0.051326 0.031800 1.749945
440.000000 0.051405 0.032896 1.723573
441.000000 0.051611 0.035218 1.670486
442.000000 0.051853 0.037718 1.617360
443.000000 0.052070 0.039886 1.574317
444.000000 0.052318 0.042189 1.531275
445.000000 0.052455 0.043533 1.507456
446.000000 0.052604 0.044924 1.483596
447.000000 0.052745 0.046185 1.462660
448.000000 0.052897 0.047487 1.441683
449.000000 0.052990 0.048329 1.428510
450.000000 0.053087 0.049185 1.415376
451.000000 0.053181 0.050001 1.403086
452.000000 0.053278 0.050829 1.390836
453.000000 0.053212 0.050601 1.394509
454.000000 0.053147 0.050377 1.398141
455.000000 0.053087 0.050166 1.401573
456.000000 0.053027 0.049959 1.404965
457.000000 0.053088 0.050508 1.396838
458.000000 0.053150 0.051061 1.388752
459.000000 0.053212 0.051595 1.381027
460.000000 0.053274 0.052136 1.373302
461.000000 0.053222 0.051973 1.375899
462.000000 0.053171 0.051810 1.378496
463.000000 0.053119 0.051642 1.381175
464.000000 0.053067 0.051475 1.383853
465.000000 0.053129 0.052000 1.376318
466.000000 0.053192 0.052528 1.368824
467.000000 0.053256 0.053035 1.361689
468.000000 0.053320 0.053544 1.354594
469.000000 0.053346 0.053814 1.350939
470.000000 0.053371 0.054086 1.347285
471.000000 0.053396 0.054356 1.343670
472.000000 0.053422 0.054631 1.340015
473.000000 0.053483 0.055115 1.333520
474.000000 0.053546 0.055606 1.326986
475.000000 0.053606 0.056078 1.320760
476.000000 0.053669 0.056558 1.314495
477.000000 0.053660 0.056613 1.313910
478.000000 0.053651 0.056665 1.313365
479.000000 0.053642 0.056724 1.312740
480.000000 0.053632 0.056783 1.312115
481.000000 0.053818 0.058002 1.296331
482.000000 0.054014 0.059247 1.280586
483.000000 0.054204 0.060437 1.265881
484.000000 0.054402 0.061650 1.251216
485.000000 0.054500 0.062288 1.243687
486.000000 0.054601 0.062930 1.236197
487.000000 0.054699 0.063556 1.228977
488.000000 0.054801 0.064189 1.221757
489.000000 0.055115 0.065935 1.202017
490.000000 0.055096 0.065953 1.201997
491.000000 0.055428 0.067749 1.182297
492.000000 0.055749 0.069446 1.164237
493.000000 0.056088 0.071189 1.146177
494.000000 0.056237 0.071947 1.138487
495.000000 0.056389 0.072715 1.130797
496.000000 0.056704 0.074278 1.115417
497.000000 0.057008 0.075767 1.101116
498.000000 0.057325 0.077297 1.086775
499.000000 0.058092 0.080726 1.055514
500.000000 0.058933 0.084331 1.024253
501.000000 0.059727 0.087615 0.997112
502.000000 0.060587 0.091040 0.970012
503.000000 0.062117 0.096774 0.927071
504.000000 0.063859 0.102936 0.884130
505.000000 0.065461 0.108332 0.848990
506.000000 0.067244 0.114071 0.813850
507.000000 0.068881 0.119131 0.784631
508.000000 0.070671 0.124461 0.755451
509.000000 0.072355 0.129307 0.730253
510.000000 0.074176 0.134378 0.705113
511.000000 0.076619 0.140903 0.674414
512.000000 0.079318 0.147827 0.643754
513.000000 0.081829 0.154046 0.617775
514.000000 0.084574 0.160622 0.591756
515.000000 0.091163 0.175566 0.537497
516.000000 0.094378 0.182515 0.514358
517.000000 0.097873 0.189842 0.491219
518.000000 0.101149 0.196535 0.471160
519.000000 0.104672 0.203547 0.451141
520.000000 0.107990 0.210007 0.433562
521.000000 0.111538 0.216766 0.415983
522.000000 0.113510 0.220524 0.406644
523.000000 0.115555 0.224382 0.397305
524.000000 0.117527 0.228068 0.388606
525.000000 0.119569 0.231848 0.379906
526.000000 0.120836 0.234234 0.374606
527.000000 0.122140 0.236675 0.369266
528.000000 0.123401 0.239026 0.364205
529.000000 0.124700 0.241428 0.359105
530.000000 0.124673 0.241539 0.359085
531.000000 0.125068 0.242380 0.357465
532.000000 0.125477 0.243244 0.355805
533.000000 0.125867 0.244079 0.354225
534.000000 0.126269 0.244936 0.352605
535.000000 0.127210 0.246720 0.349027
536.000000 0.128153 0.248503 0.345488
537.000000 0.129087 0.250273 0.342029
538.000000 0.130023 0.252041 0.338610
539.000000 0.130741 0.253434 0.335992
540.000000 0.131455 0.254818 0.333413
541.000000 0.132169 0.256183 0.330874
542.000000 0.132891 0.257559 0.328336
543.000000 0.133571 0.258868 0.325957
544.000000 0.134247 0.260166 0.323619
545.000000 0.134912 0.261467 0.321321
546.000000 0.135584 0.262777 0.319023
547.000000 0.136275 0.264120 0.316685
548.000000 0.136961 0.265452 0.314388
549.000000 0.137643 0.266762 0.312130
550.000000 0.138333 0.268081 0.309872
551.000000 0.138248 0.268133 0.310015
552.000000 0.138163 0.268185 0.310157
553.000000 0.138076 0.268245 0.310299
554.000000 0.137989 0.268304 0.310442
555.000000 0.137128 0.267107 0.312983
556.000000 0.136276 0.265919 0.315525
557.000000 0.135418 0.264724 0.318107
558.000000 0.134557 0.263518 0.320729
559.000000 0.133070 0.261269 0.325431
560.000000 0.131611 0.259052 0.330132
561.000000 0.130121 0.256768 0.335034
562.000000 0.128671 0.254536 0.339896
563.000000 0.126804 0.251568 0.346358
564.000000 0.124996 0.248673 0.352780
565.000000 0.123151 0.245676 0.359522
566.000000 0.121355 0.242736 0.366264
567.000000 0.119575 0.239798 0.373126
568.000000 0.117843 0.236915 0.379988
569.000000 0.116068 0.233939 0.387210
570.000000 0.116027 0.234081 0.387192
571.000000 0.115153 0.232606 0.390824
572.000000 0.114300 0.231162 0.394415
573.000000 0.112709 0.228463 0.401237
574.000000 0.111161 0.225806 0.408059
575.000000 0.109584 0.223067 0.415201
576.000000 0.108049 0.220375 0.422343
577.000000 0.107128 0.218825 0.426645
578.000000 0.106220 0.217292 0.430947
579.000000 0.105302 0.215730 0.435370
580.000000 0.104399 0.214187 0.439792
581.000000 0.102980 0.211627 0.447014
582.000000 0.101606 0.209128 0.454196
583.000000 0.100202 0.206543 0.461738
584.000000 0.098837 0.204003 0.469280
585.000000 0.097858 0.202223 0.474743
586.000000 0.096899 0.200461 0.480205
587.000000 0.095926 0.198654 0.485868
588.000000 0.094974 0.196866 0.491530
589.000000 0.094644 0.196365 0.493353
590.000000 0.094317 0.195862 0.495176
591.000000 0.093986 0.195348 0.497038
592.000000 0.093664 0.194846 0.498861
593.000000 0.093239 0.194125 0.501364
594.000000 0.092819 0.193405 0.503866
595.000000 0.092397 0.192676 0.506409
596.000000 0.091979 0.191946 0.508952
597.000000 0.091222 0.190486 0.513814
598.000000 0.090473 0.189023 0.518717
599.000000 0.089725 0.187552 0.523700
600.000000 0.088984 0.186084 0.528723
601.000000 0.088146 0.184390 0.534545
602.000000 0.087331 0.182735 0.540311
603.000000 0.086497 0.181026 0.546334
604.000000 0.085681 0.179336 0.552357
605.000000 0.084811 0.177507 0.558939
606.000000 0.083966 0.175710 0.565482
607.000000 0.083101 0.173848 0.572345
608.000000 0.081031 0.169255 0.589567
609.000000 0.079848 0.166562 0.599910
610.000000 0.078632 0.163751 0.610933
611.000000 0.078604 0.163818 0.610915
612.000000 0.077428 0.161056 0.621978
613.000000 0.076650 0.159242 0.629441
614.000000 0.075887 0.157446 0.636943
615.000000 0.075113 0.155596 0.644767
616.000000 0.074361 0.153785 0.652550
617.000000 0.074118 0.153283 0.654893
618.000000 0.073881 0.152794 0.657196
619.000000 0.073642 0.152296 0.659540
620.000000 0.073405 0.151800 0.661883
621.000000 0.073044 0.150968 0.665666
622.000000 0.072687 0.150142 0.669450
623.000000 0.072326 0.149291 0.673353
624.000000 0.071972 0.148455 0.677217
625.000000 0.071904 0.148375 0.677759
626.000000 0.071833 0.148285 0.678341
627.000000 0.071766 0.148202 0.678883
628.000000 0.071699 0.148119 0.679425
629.000000 0.071608 0.147961 0.680287
630.000000 0.071519 0.147812 0.681109
631.000000 0.071429 0.147651 0.681971
632.000000 0.071343 0.147499 0.682793
633.000000 0.070653 0.145700 0.690975
634.000000 0.069981 0.143929 0.699158
635.000000 0.069300 0.142104 0.707702
636.000000 0.068633 0.140300 0.716286
637.000000 0.067751 0.137849 0.728110
638.000000 0.066903 0.135459 0.739895
639.000000 0.066031 0.132950 0.752519
640.000000 0.065193 0.130498 0.765143
641.000000 0.064339 0.127946 0.778567
642.000000 0.063518 0.125448 0.792032
643.000000 0.062673 0.122828 0.806496
644.000000 0.061863 0.120266 0.821000
645.000000 0.060986 0.117435 0.837464
646.000000 0.060149 0.114676 0.853968
647.000000 0.059283 0.111749 0.871992
648.000000 0.058465 0.108916 0.889976
649.000000 0.057754 0.106394 0.906440
650.000000 0.057077 0.103941 0.922904
651.000000 0.057072 0.103951 0.922888
652.000000 0.056372 0.101349 0.940832
653.000000 0.055709 0.098829 0.958736
654.000000 0.054877 0.095569 0.982680
655.000000 0.054100 0.092433 1.006623
656.000000 0.053284 0.089023 1.033725
657.000000 0.052529 0.085757 1.060828
658.000000 0.051579 0.081465 1.098250
659.000000 0.050727 0.077412 1.135672
660.000000 0.049808 0.072797 1.181055
661.000000 0.049001 0.068487 1.226397
662.000000 0.048685 0.066741 1.245700
663.000000 0.048386 0.065043 1.265003
664.000000 0.048074 0.063228 1.286265
665.000000 0.047777 0.061467 1.307569
666.000000 0.047611 0.060480 1.319833
667.000000 0.047449 0.059514 1.332058
668.000000 0.047283 0.058506 1.345042
669.000000 0.047124 0.057520 1.357986
670.000000 0.046922 0.056234 1.375210
671.000000 0.046731 0.054981 1.392394
672.000000 0.046533 0.053658 1.411018
673.000000 0.046345 0.052366 1.429683
674.000000 0.046319 0.052223 1.431827
675.000000 0.046291 0.052081 1.433971
676.000000 0.046263 0.051935 1.436195
677.000000 0.046232 0.051791 1.438418
678.000000 0.046460 0.053505 1.413642
679.000000 0.046705 0.055281 1.388866
680.000000 0.046941 0.056940 1.366490
681.000000 0.047195 0.058651 1.344114
682.000000 0.047713 0.061952 1.302858
683.000000 0.048295 0.065457 1.261602
684.000000 0.048840 0.068586 1.226786
685.000000 0.049438 0.071884 1.191968
686.000000 0.050863 0.079137 1.121190
687.000000 0.052606 0.087224 1.050412
688.000000 0.054154 0.093859 0.997714
689.000000 0.055959 0.101074 0.945057
690.000000 0.059039 0.112354 0.870879
691.000000 0.059030 0.112370 0.870861
692.000000 0.062889 0.125176 0.796644
693.000000 0.066246 0.135438 0.743506
694.000000 0.070215 0.146742 0.690409
695.000000 0.076218 0.162521 0.624271
696.000000 0.083706 0.180557 0.558093
697.000000 0.090143 0.194971 0.511195
698.000000 0.097756 0.211003 0.464257
699.000000 0.105046 0.225538 0.425799
700.000000 0.113480 0.241539 0.387342
701.000000 0.120978 0.255175 0.357404
702.000000 0.129438 0.269985 0.327466
703.000000 0.137278 0.283264 0.302689
704.000000 0.146011 0.297603 0.277871
705.000000 0.153911 0.310238 0.257533
706.000000 0.162595 0.323779 0.237156
707.000000 0.169885 0.334920 0.221418
708.000000 0.177727 0.346674 0.205721
709.000000 0.184980 0.357362 0.192203
710.000000 0.192720 0.368584 0.178726
711.000000 0.199424 0.378189 0.167756
712.000000 0.206526 0.388234 0.156786
713.000000 0.213204 0.397599 0.147019
714.000000 0.220221 0.407327 0.137293
715.000000 0.227567 0.417399 0.127648
716.000000 0.235332 0.427926 0.118003
717.000000 0.242570 0.437630 0.109482
718.000000 0.250189 0.447745 0.100960
719.000000 0.256285 0.455798 0.094440
720.000000 0.262596 0.464073 0.087961
721.000000 0.268622 0.471958 0.082003
722.000000 0.274844 0.480042 0.076085
723.000000 0.280907 0.487885 0.070529
724.000000 0.287248 0.496034 0.064932
725.000000 0.293262 0.503708 0.059818
726.000000 0.299496 0.511617 0.054703
727.000000 0.304362 0.517788 0.050829
728.000000 0.309420 0.524174 0.046915
729.000000 0.314240 0.530259 0.043281
730.000000 0.319192 0.536487 0.039646
731.000000 0.323425 0.541815 0.036611
732.000000 0.323365 0.541892 0.036616
733.000000 0.327762 0.547390 0.033540
734.000000 0.331967 0.552640 0.030664
735.000000 0.336273 0.557990 0.027787
736.000000 0.339431 0.561939 0.025710
737.000000 0.342706 0.566027 0.023592
738.000000 0.345846 0.569945 0.021594
739.000000 0.349109 0.573999 0.019554
740.000000 0.351299 0.576759 0.018194
741.000000 0.353588 0.579620 0.016793
742.000000 0.355770 0.582350 0.015472
743.000000 0.358047 0.585184 0.014112
744.000000 0.360420 0.588131 0.012712
745.000000 0.362892 0.591197 0.011273
746.000000 0.365110 0.593957 0.009993
747.000000 0.367359 0.596745 0.008713
748.000000 0.368252 0.597918 0.008193
749.000000 0.369160 0.599094 0.007670
750.000000 0.369926 0.600101 0.007227
751.000000 0.370701 0.601117 0.006782
752.000000 0.371479 0.602138 0.006336
753.000000 0.372182 0.603087 0.005929
754.000000 0.372814 0.603951 0.005561
755.000000 0.373442 0.604815 0.005196
756.000000 0.373998 0.605592 0.004870
757.000000 0.374638 0.606454 0.004504
758.000000 0.375054 0.607051 0.004258
759.000000 0.375549 0.607728 0.003974
760.000000 0.375969 0.608317 0.003730
761.000000 0.376388 0.608898 0.003489
762.000000 0.376733 0.609389 0.003288
763.000000 0.377074 0.609866 0.003091
764.000000 0.377265 0.610164 0.002974
765.000000 0.377531 0.610539 0.002821
766.000000 0.377644 0.610733 0.002747
767.000000 0.377842 0.611025 0.002630
768.000000 0.377810 0.611045 0.002633
769.000000 0.377784 0.611079 0.002632
770.000000 0.377757 0.611112 0.002630
771.000000 0.377742 0.611147 0.002626
772.000000 0.377726 0.611182 0.002621
773.000000 0.377728 0.611209 0.002615
774.000000 0.377729 0.611237 0.002608
775.000000 0.377739 0.611261 0.002600
776.000000 0.377748 0.611286 0.002592
777.000000 0.377755 0.611315 0.002583
778.000000 0.377762 0.611343 0.002575
779.000000 0.377768 0.611370 0.002567
780.000000 0.377775 0.611397 0.002559
781.000000 0.377785 0.611416 0.002552
782.000000 0.377795 0.611435 0.002545
783.000000 0.377811 0.611446 0.002539
784.000000 0.377826 0.611457 0.002532
785.000000 0.377845 0.611463 0.002526
786.000000 0.377864 0.611469 0.002520
787.000000 0.377886 0.611472 0.002514
788.000000 0.377907 0.611475 0.002508
789.000000 0.377928 0.611479 0.002502
790.000000 0.377950 0.611483 0.002496
791.000000 0.377970 0.611489 0.002490
792.000000 0.377990 0.611495 0.002483
793.000000 0.378010 0.611502 0.002477
794.000000 0.378029 0.611509 0.002470
795.000000 0.378052 0.611512 0.002464
796.000000 0.378075 0.611516 0.002458
797.000000 0.378104 0.611512 0.002451
798.000000 0.378132 0.611509 0.002445
799.000000 0.378163 0.611503 0.002439
800.000000 0.378192 0.611498 0.002433
801.000000 0.378214 0.611491 0.002430
802.000000 0.378235 0.611483 0.002426
803.000000 0.378251 0.611479 0.002423
804.000000 0.378267 0.611476 0.002420
805.000000 0.378278 0.611474 0.002418
806.000000 0.378289 0.611473 0.002415
807.000000 0.378295 0.611471 0.002414
808.000000 0.378301 0.611470 0.002413
809.000000 0.378302 0.611468 0.002413
810.000000 0.378303 0.611466 0.002414
811.000000 0.378299 0.611461 0.002416
812.000000 0.378295 0.611457 0.002418
813.000000 0.378287 0.611449 0.002421
814.000000 0.378279 0.611441 0.002425
815.000000 0.378269 0.611430 0.002430
816.000000 0.378259 0.611419 0.002435
817.000000 0.378250 0.611408 0.002440
818.000000 0.378241 0.611397 0.002445
819.000000 0.378234 0.611385 0.002449
820.000000 0.378227 0.611374 0.002454
821.000000 0.378222 0.611364 0.002457
822.000000 0.378217 0.611354 0.002461
823.000000 0.378213 0.611344 0.002464
824.000000 0.378210 0.611333 0.002467
825.000000 0.378206 0.611323 0.002471
826.000000 0.378203 0.611313 0.002474
827.000000 0.378200 0.611303 0.002477
828.000000 0.378196 0.611292 0.002480
829.000000 0.378192 0.611281 0.002484
830.000000 0.378187 0.611271 0.002488
831.000000 0.378182 0.611260 0.002491
832.000000 0.378177 0.611249 0.002495
833.000000 0.378171 0.611239 0.002499
834.000000 0.378165 0.611229 0.002503
835.000000 0.378159 0.611222 0.002506
836.000000 0.378153 0.611214 0.002509
837.000000 0.378147 0.611209 0.002512
838.000000 0.378142 0.611203 0.002515
839.000000 0.378137 0.611201 0.002516
840.000000 0.378133 0.611199 0.002518
841.000000 0.378129 0.611199 0.002519
842.000000 0.378125 0.611199 0.002520
843.000000 0.378122 0.611201 0.002520
844.000000 0.378118 0.611203 0.002520
845.000000 0.378115 0.611206 0.002521
846.000000 0.378112 0.611208 0.002521
847.000000 0.378108 0.611211 0.002521
848.000000 0.378105 0.611214 0.002521
849.000000 0.378100 0.611216 0.002522
850.000000 0.378096 0.611219 0.002522
851.000000 0.378091 0.611220 0.002523
852.000000 0.378085 0.611221 0.002524
853.000000 0.378079 0.611221 0.002526
854.000000 0.378072 0.611220 0.002528
855.000000 0.378065 0.611219 0.002530
856.000000 0.378057 0.611218 0.002532
857.000000 0.378049 0.611216 0.002534
858.000000 0.378041 0.611214 0.002537
859.000000 0.378032 0.611213 0.002539
860.000000 0.378023 0.611211 0.002542
861.000000 0.378014 0.611209 0.002544
862.000000 0.378005 0.611208 0.002547
863.000000 0.377995 0.611206 0.002550
864.000000 0.377986 0.611205 0.002552
865.000000 0.377975 0.611203 0.002555
866.000000 0.377964 0.611202 0.002559
867.000000 0.377950 0.611198 0.002563
868.000000 0.377937 0.611195 0.002567
869.000000 0.377920 0.611190 0.002572
870.000000 0.377904 0.611184 0.002577
871.000000 0.377885 0.611178 0.002583
872.000000 0.377868 0.611172 0.002589
873.000000 0.377849 0.611168 0.002595
874.000000 0.377831 0.611163 0.002600
875.000000 0.377814 0.611161 0.002605
876.000000 0.377797 0.611159 0.002609
877.000000 0.377781 0.611159 0.002613
878.000000 0.377766 0.611160 0.002617
879.000000 0.377750 0.611162 0.002620
880.000000 0.377736 0.611164 0.002623
881.000000 0.377721 0.611168 0.002626
882.000000 0.377705 0.611171 0.002629
883.000000 0.377690 0.611175 0.002632
884.000000 0.377675 0.611178 0.002635
885.000000 0.377659 0.611182 0.002638
886.000000 0.377643 0.611186 0.002641
887.000000 0.377627 0.611189 0.002644
888.000000 0.377610 0.611191 0.002648
889.000000 0.377591 0.611193 0.002652
890.000000 0.377573 0.611194 0.002656
891.000000 0.377553 0.611195 0.002661
892.000000 0.377533 0.611195 0.002666
893.000000 0.377513 0.611194 0.002671
894.000000 0.377492 0.611193 0.002676
895.000000 0.377471 0.611192 0.002682
896.000000 0.377450 0.611190 0.002687
897.000000 0.377429 0.611188 0.002693
898.000000 0.377407 0.611186 0.002699
899.000000 0.377386 0.611184 0.002705
900.000000 0.377364 0.611181 0.002710
901.000000 0.377343 0.611179 0.002716
902.000000 0.377322 0.611176 0.002722
903.000000 0.377301 0.611173 0.002728
904.000000 0.377280 0.611170 0.002734
905.000000 0.377258 0.611166 0.002740
906.000000 0.377237 0.611163 0.002746
907.000000 0.377215 0.611158 0.002753
908.000000 0.377193 0.611153 0.002759
909.000000 0.377170 0.611148 0.002766
910.000000 0.377147 0.611142 0.002773
911.000000 0.377124 0.611138 0.002780
912.000000 0.377101 0.611133 0.002786
913.000000 0.377079 0.611131 0.002792
914.000000 0.377058 0.611128 0.002798
915.000000 0.377037 0.611129 0.002803
916.000000 0.377017 0.611130 0.002808
917.000000 0.377000 0.611136 0.002811
918.000000 0.376983 0.611141 0.002814
919.000000 0.376962 0.611145 0.002818
920.000000 0.376942 0.611149 0.002822
921.000000 0.376900 0.611129 0.002837
922.000000 0.376857 0.611108 0.002853
923.000000 0.376790 0.611060 0.002880
924.000000 0.376723 0.611012 0.002908
925.000000 0.376619 0.610922 0.002955
926.000000 0.376515 0.610831 0.003002
927.000000 0.376363 0.610685 0.003074
928.000000 0.376212 0.610538 0.003147
929.000000 0.376000 0.610321 0.003250
930.000000 0.375789 0.610104 0.003354
931.000000 0.375510 0.609809 0.003493
932.000000 0.375233 0.609514 0.003633
933.000000 0.374906 0.609160 0.003798
934.000000 0.374580 0.608807 0.003963
935.000000 0.374231 0.608426 0.004142
936.000000 0.373882 0.608046 0.004320
937.000000 0.373535 0.607666 0.004498
938.000000 0.373188 0.607286 0.004677
939.000000 0.372852 0.606919 0.004850
940.000000 0.372516 0.606551 0.005023
941.000000 0.372190 0.606196 0.005191
942.000000 0.371865 0.605842 0.005359
943.000000 0.371550 0.605498 0.005522
944.000000 0.371235 0.605155 0.005685
945.000000 0.370928 0.604823 0.005844
946.000000 0.370623 0.604491 0.006003
947.000000 0.370325 0.604169 0.006157
948.000000 0.370029 0.603849 0.006311
949.000000 0.369746 0.603545 0.006458
950.000000 0.369463 0.603242 0.006604
951.000000 0.369204 0.602968 0.006738
952.000000 0.368945 0.602693 0.006872
953.000000 0.368717 0.602458 0.006989
954.000000 0.368490 0.602223 0.007105
955.000000 0.368303 0.602038 0.007199
956.000000 0.368116 0.601853 0.007293
957.000000 0.367977 0.601726 0.007361
958.000000 0.367838 0.601599 0.007429
959.000000 0.367735 0.601516 0.007476
960.000000 0.367632 0.601434 0.007523
961.000000 0.367546 0.601373 0.007561
962.000000 0.367460 0.601312 0.007598
963.000000 0.367372 0.601250 0.007637
964.000000 0.367283 0.601188 0.007676
965.000000 0.367189 0.601120 0.007717
966.000000 0.367095 0.601052 0.007759
967.000000 0.367007 0.600992 0.007797
968.000000 0.366919 0.600933 0.007835
969.000000 0.366851 0.600897 0.007862
970.000000 0.366782 0.600862 0.007889
971.000000 0.366741 0.600860 0.007900
972.000000 0.366700 0.600858 0.007912
973.000000 0.366682 0.600885 0.007910
974.000000 0.366664 0.600912 0.007909
975.000000 0.366663 0.600960 0.007897
976.000000 0.366662 0.601008 0.007886
977.000000 0.366672 0.601071 0.007868
978.000000 0.366682 0.601134 0.007851
979.000000 0.366698 0.601203 0.007830
980.000000 0.366714 0.601273 0.007809
981.000000 0.366730 0.601345 0.007787
982.000000 0.366747 0.601417 0.007765
983.000000 0.366764 0.601492 0.007743
984.000000 0.366782 0.601566 0.007720
985.000000 0.366802 0.601644 0.007696
986.000000 0.366821 0.601722 0.007672
987.000000 0.366845 0.601806 0.007646
988.000000 0.366868 0.601890 0.007620
989.000000 0.366898 0.601982 0.007589
990.000000 0.366928 0.602074 0.007559
991.000000 0.366965 0.602177 0.007525
992.000000 0.367003 0.602280 0.007490
993.000000 0.367051 0.602396 0.007449
994.000000 0.367099 0.602513 0.007408
995.000000 0.367167 0.602653 0.007357
996.000000 0.367234 0.602794 0.007305
997.000000 0.367334 0.602975 0.007235
998.000000 0.367434 0.603155 0.007165
999.000000 0.367579 0.603391 0.007069
1000.000000 0.367724 0.603627 0.006974
1001.000000 0.367913 0.603917 0.006854
1002.000000 0.368103 0.604207 0.006735
1003.000000 0.368316 0.604527 0.006601
1004.000000 0.368530 0.604848 0.006468
1005.000000 0.368747 0.605173 0.006333
1006.000000 0.368964 0.605499 0.006198
1007.000000 0.369162 0.605804 0.006072
1008.000000 0.369361 0.606109 0.005947
1009.000000 0.369521 0.606368 0.005843
1010.000000 0.369680 0.606628 0.005740
1011.000000 0.369797 0.606837 0.005659
1012.000000 0.369913 0.607046 0.005579
1013.000000 0.370001 0.607222 0.005514
1014.000000 0.370090 0.607399 0.005448
1015.000000 0.370167 0.607562 0.005389
1016.000000 0.370244 0.607726 0.005330
1017.000000 0.370326 0.607896 0.005269
1018.000000 0.370407 0.608065 0.005207
1019.000000 0.370510 0.608260 0.005134
1020.000000 0.370612 0.608455 0.005060
1021.000000 0.370737 0.608677 0.004975
1022.000000 0.370862 0.608898 0.004890
1023.000000 0.370997 0.609132 0.004799
1024.000000 0.371132 0.609366 0.004709
1025.000000 0.371264 0.609597 0.004620
1026.000000 0.371396 0.609829 0.004530
1027.000000 0.371513 0.610042 0.004450
1028.000000 0.371630 0.610255 0.004369
1029.000000 0.371719 0.610436 0.004303
1030.000000 0.371808 0.610617 0.004237
1031.000000 0.371867 0.610763 0.004187
1032.000000 0.371926 0.610909 0.004137
1033.000000 0.371961 0.611028 0.004099
1034.000000 0.371996 0.611147 0.004062
1035.000000 0.372014 0.611246 0.004034
1036.000000 0.372031 0.611345 0.004006
1037.000000 0.372037 0.611431 0.003984
1038.000000 0.372042 0.611517 0.003962
1039.000000 0.372042 0.611599 0.003943
1040.000000 0.372042 0.611680 0.003923
1041.000000 0.372039 0.611759 0.003905
1042.000000 0.372036 0.611838 0.003887
1043.000000 0.372031 0.611916 0.003870
1044.000000 0.372026 0.611994 0.003852
1045.000000 0.372019 0.612071 0.003836
1046.000000 0.372012 0.612148 0.003819
1047.000000 0.372005 0.612226 0.003802
1048.000000 0.371998 0.612303 0.003785
1049.000000 0.371990 0.612382 0.003768
1050.000000 0.371983 0.612460 0.003752
1051.000000 0.371976 0.612540 0.003734
1052.000000 0.371970 0.612620 0.003717
1053.000000 0.371964 0.612701 0.003699
1054.000000 0.371957 0.612782 0.003681
1055.000000 0.371949 0.612860 0.003664
1056.000000 0.371940 0.612938 0.003648
1057.000000 0.371926 0.613010 0.003635
1058.000000 0.371911 0.613081 0.003621
1059.000000 0.371887 0.613142 0.003613
1060.000000 0.371862 0.613203 0.003604
1061.000000 0.371792 0.613208 0.003621
1062.000000 0.371722 0.613214 0.003637
1063.000000 0.371644 0.613211 0.003658
1064.000000 0.371565 0.613208 0.003678
1065.000000 0.371481 0.613199 0.003702
1066.000000 0.371396 0.613189 0.003726
1067.000000 0.371307 0.613173 0.003752
1068.000000 0.371218 0.613158 0.003779
1069.000000 0.371125 0.613140 0.003807
1070.000000 0.371032 0.613121 0.003835
1071.000000 0.370936 0.613100 0.003864
1072.000000 0.370841 0.613080 0.003894
1073.000000 0.370744 0.613059 0.003924
1074.000000 0.370647 0.613037 0.003953
1075.000000 0.370549 0.613014 0.003984
1076.000000 0.370451 0.612992 0.004015
1077.000000 0.370351 0.612968 0.004046
1078.000000 0.370251 0.612944 0.004077
1079.000000 0.370149 0.612918 0.004110
1080.000000 0.370047 0.612892 0.004142
1081.000000 0.369943 0.612864 0.004176
1082.000000 0.369839 0.612836 0.004209
1083.000000 0.369732 0.612806 0.004244
1084.000000 0.369626 0.612775 0.004279
1085.000000 0.369517 0.612742 0.004315
1086.000000 0.369408 0.612708 0.004351
1087.000000 0.369297 0.612671 0.004388
1088.000000 0.369185 0.612635 0.004426
1089.000000 0.369071 0.612595 0.004465
1090.000000 0.368957 0.612555 0.004504
1091.000000 0.368841 0.612512 0.004545
1092.000000 0.368725 0.612470 0.004585
1093.000000 0.368609 0.612426 0.004626
1094.000000 0.368492 0.612383 0.004666
1095.000000 0.368376 0.612340 0.004707
1096.000000 0.368260 0.612297 0.004747
1097.000000 0.368145 0.612256 0.004787
1098.000000 0.368030 0.612214 0.004827
1099.000000 0.367915 0.612174 0.004867
1100.000000 0.367801 0.612133 0.004907
1101.000000 0.367707 0.612117 0.004935
1102.000000 0.367614 0.612101 0.004963
1103.000000 0.367502 0.612064 0.005001
1104.000000 0.367390 0.612026 0.005040
1105.000000 0.367231 0.611933 0.005104
1106.000000 0.367073 0.611840 0.005168
1107.000000 0.366878 0.611703 0.005253
1108.000000 0.366683 0.611566 0.005337
1109.000000 0.366449 0.611383 0.005443
1110.000000 0.366216 0.611201 0.005549
1111.000000 0.365962 0.610993 0.005666
1112.000000 0.365708 0.610786 0.005784
1113.000000 0.365455 0.610579 0.005902
1114.000000 0.365201 0.610372 0.006019
1115.000000 0.364969 0.610190 0.006125
1116.000000 0.364738 0.610009 0.006231
1117.000000 0.364516 0.609840 0.006332
1118.000000 0.364295 0.609671 0.006432
1119.000000 0.364069 0.609495 0.006536
1120.000000 0.363843 0.609319 0.006640
1121.000000 0.363596 0.609117 0.006756
1122.000000 0.363349 0.608915 0.006872
1123.000000 0.363066 0.608669 0.007009
1124.000000 0.362783 0.608422 0.007145
1125.000000 0.362442 0.608104 0.007316
1126.000000 0.362101 0.607788 0.007486
1127.000000 0.361694 0.607389 0.007696
1128.000000 0.361287 0.606991 0.007905
1129.000000 0.360809 0.606506 0.008156
1130.000000 0.360331 0.606023 0.008406
1131.000000 0.359797 0.605470 0.008691
1132.000000 0.359265 0.604918 0.008975
1133.000000 0.358692 0.604318 0.009283
1134.000000 0.358121 0.603719 0.009592
1135.000000 0.357522 0.603087 0.009917
1136.000000 0.356925 0.602456 0.010243
1137.000000 0.356320 0.601815 0.010574
1138.000000 0.355717 0.601177 0.010906
1139.000000 0.355128 0.600554 0.011231
1140.000000 0.354540 0.599933 0.011555
1141.000000 0.353993 0.599364 0.011856
1142.000000 0.353449 0.598795 0.012157
1143.000000 0.352975 0.598314 0.012416
1144.000000 0.352503 0.597833 0.012675
1145.000000 0.352123 0.597465 0.012879
1146.000000 0.351744 0.597098 0.013083
1147.000000 0.351492 0.596884 0.013212
1148.000000 0.351240 0.596670 0.013341
1149.000000 0.351057 0.596541 0.013428
1150.000000 0.350874 0.596411 0.013515
1151.000000 0.350613 0.596186 0.013650
1152.000000 0.350353 0.595962 0.013784
1153.000000 0.349996 0.595620 0.013977
1154.000000 0.349640 0.595279 0.014170
1155.000000 0.349281 0.594932 0.014366
1156.000000 0.348923 0.594586 0.014561
1157.000000 0.348569 0.594245 0.014755
1158.000000 0.348216 0.593905 0.014948
1159.000000 0.347917 0.593630 0.015109
1160.000000 0.347619 0.593355 0.015270
1161.000000 0.347414 0.593192 0.015374
1162.000000 0.347208 0.593030 0.015478
1163.000000 0.347059 0.592934 0.015548
1164.000000 0.346909 0.592839 0.015619
1165.000000 0.346680 0.592647 0.015738
1166.000000 0.346452 0.592456 0.015857
1167.000000 0.346229 0.592270 0.015973
1168.000000 0.346005 0.592084 0.016090
1169.000000 0.345791 0.591909 0.016201
1170.000000 0.345576 0.591733 0.016312
1171.000000 0.345374 0.591574 0.016416
1172.000000 0.345172 0.591414 0.016519
1173.000000 0.344986 0.591273 0.016613
1174.000000 0.344799 0.591132 0.016708
1175.000000 0.344670 0.591062 0.016766
1176.000000 0.344540 0.590993 0.016825
1177.000000 0.344430 0.590945 0.016871
1178.000000 0.344319 0.590898 0.016918
1179.000000 0.344225 0.590872 0.016955
1180.000000 0.344130 0.590845 0.016992
1181.000000 0.344047 0.590832 0.017021
1182.000000 0.343965 0.590820 0.017051
1183.000000 0.343888 0.590815 0.017076
1184.000000 0.343812 0.590811 0.017101
1185.000000 0.343762 0.590836 0.017111
1186.000000 0.343711 0.590862 0.017120
1187.000000 0.343658 0.590885 0.017132
1188.000000 0.343605 0.590907 0.017143
1189.000000 0.343549 0.590925 0.017156
1190.000000 0.343493 0.590942 0.017170
1191.000000 0.343436 0.590958 0.017184
1192.000000 0.343379 0.590973 0.017198
1193.000000 0.343323 0.590989 0.017212
1194.000000 0.343267 0.591004 0.017226
1195.000000 0.343214 0.591023 0.017238
1196.000000 0.343161 0.591041 0.017251
1197.000000 0.343113 0.591064 0.017260
1198.000000 0.343065 0.591088 0.017269
1199.000000 0.343023 0.591119 0.017275
1200.000000 0.342982 0.591151 0.017280
1201.000000 0.342949 0.591193 0.017280
1202.000000 0.342916 0.591236 0.017279
1203.000000 0.342897 0.591295 0.017271
1204.000000 0.342877 0.591354 0.017262
1205.000000 0.342882 0.591443 0.017238
1206.000000 0.342887 0.591533 0.017214
1207.000000 0.342912 0.591649 0.017176
1208.000000 0.342938 0.591765 0.017139
1209.000000 0.342989 0.591914 0.017085
1210.000000 0.343040 0.592063 0.017031
1211.000000 0.343117 0.592244 0.016961
1212.000000 0.343193 0.592425 0.016891
1213.000000 0.343286 0.592627 0.016810
1214.000000 0.343380 0.592829 0.016729
1215.000000 0.343496 0.593061 0.016634
1216.000000 0.343613 0.593294 0.016538
1217.000000 0.343725 0.593520 0.016445
1218.000000 0.343837 0.593748 0.016352
1219.000000 0.343934 0.593956 0.016269
1220.000000 0.344031 0.594165 0.016185
1221.000000 0.344106 0.594347 0.016116
1222.000000 0.344181 0.594530 0.016046
1223.000000 0.344236 0.594687 0.015989
1224.000000 0.344291 0.594845 0.015932
1225.000000 0.344311 0.594959 0.015897
1226.000000 0.344330 0.595073 0.015862
1227.000000 0.344335 0.595168 0.015836
1228.000000 0.344339 0.595263 0.015811
1229.000000 0.344331 0.595343 0.015793
1230.000000 0.344323 0.595422 0.015776
1231.000000 0.344305 0.595490 0.015764
1232.000000 0.344288 0.595558 0.015752
1233.000000 0.344263 0.595617 0.015745
1234.000000 0.344239 0.595676 0.015738
1235.000000 0.344215 0.595736 0.015730
1236.000000 0.344192 0.595797 0.015722
1237.000000 0.344179 0.595870 0.015707
1238.000000 0.344166 0.595944 0.015693
1239.000000 0.344174 0.596042 0.015666
1240.000000 0.344181 0.596141 0.015638
1241.000000 0.344220 0.596277 0.015592
1242.000000 0.344258 0.596414 0.015545
1243.000000 0.344335 0.596599 0.015474
1244.000000 0.344413 0.596783 0.015403
1245.000000 0.344520 0.597004 0.015313
1246.000000 0.344627 0.597226 0.015224
1247.000000 0.344748 0.597464 0.015126
1248.000000 0.344868 0.597702 0.015028
1249.000000 0.344984 0.597934 0.014933
1250.000000 0.345100 0.598166 0.014838
1251.000000 0.345193 0.598371 0.014758
1252.000000 0.345286 0.598575 0.014677
1253.000000 0.345341 0.598733 0.014620
1254.000000 0.345396 0.598890 0.014563
1255.000000 0.345388 0.598971 0.014545
1256.000000 0.345380 0.599052 0.014527
1257.000000 0.345342 0.599094 0.014528
1258.000000 0.345303 0.599136 0.014530
1259.000000 0.345240 0.599149 0.014546
1260.000000 0.345177 0.599162 0.014562
1261.000000 0.345097 0.599154 0.014588
1262.000000 0.345018 0.599147 0.014615
1263.000000 0.344929 0.599128 0.014647
1264.000000 0.344840 0.599109 0.014680
1265.000000 0.344779 0.599124 0.014695
1266.000000 0.344718 0.599139 0.014710
1267.000000 0.344659 0.599157 0.014723
1268.000000 0.344601 0.599175 0.014737
1269.000000 0.344543 0.599195 0.014750
1270.000000 0.344486 0.599215 0.014763
1271.000000 0.344428 0.599234 0.014776
1272.000000 0.344370 0.599253 0.014789
1273.000000 0.344308 0.599268 0.014804
1274.000000 0.344247 0.599284 0.014819
1275.000000 0.344179 0.599291 0.014839
1276.000000 0.344110 0.599299 0.014858
1277.000000 0.344024 0.599284 0.014888
1278.000000 0.343938 0.599270 0.014919
1279.000000 0.343825 0.599223 0.014966
1280.000000 0.343713 0.599177 0.015013
1281.000000 0.343567 0.599089 0.015081
1282.000000 0.343421 0.599002 0.015148
1283.000000 0.343238 0.598869 0.015239
1284.000000 0.343056 0.598736 0.015331
1285.000000 0.342832 0.598551 0.015448
1286.000000 0.342608 0.598367 0.015565
1287.000000 0.342386 0.598184 0.015682
1288.000000 0.342165 0.598001 0.015798
1289.000000 0.341966 0.597846 0.015901
1290.000000 0.341768 0.597692 0.016003
1291.000000 0.341614 0.597591 0.016077
1292.000000 0.341460 0.597490 0.016152
1293.000000 0.341358 0.597451 0.016194
1294.000000 0.341255 0.597413 0.016237
1295.000000 0.341164 0.597386 0.016273
1296.000000 0.341072 0.597359 0.016309
1297.000000 0.340937 0.597278 0.016373
1298.000000 0.340802 0.597197 0.016436
1299.000000 0.340572 0.596998 0.016561
1300.000000 0.340342 0.596800 0.016685
1301.000000 0.339966 0.596420 0.016903
1302.000000 0.339591 0.596041 0.017121
1303.000000 0.339057 0.595465 0.017441
1304.000000 0.338524 0.594891 0.017761
1305.000000 0.337930 0.594242 0.018121
1306.000000 0.337338 0.593595 0.018482
1307.000000 0.336788 0.592999 0.018816
1308.000000 0.336239 0.592405 0.019151
1309.000000 0.335821 0.591975 0.019400
1310.000000 0.335405 0.591547 0.019650
1311.000000 0.335109 0.591268 0.019820
1312.000000 0.334813 0.590990 0.019991
1313.000000 0.334587 0.590799 0.020116
1314.000000 0.334360 0.590609 0.020242
1315.000000 0.334147 0.590436 0.020358
1316.000000 0.333935 0.590263 0.020474
1317.000000 0.333691 0.590052 0.020611
1318.000000 0.333447 0.589841 0.020749
1319.000000 0.333122 0.589529 0.020939
1320.000000 0.332797 0.589218 0.021130
1321.000000 0.332343 0.588744 0.021408
1322.000000 0.331890 0.588272 0.021686
1323.000000 0.331299 0.587627 0.022056
1324.000000 0.330710 0.586985 0.022427
1325.000000 0.330047 0.586250 0.022848
1326.000000 0.329388 0.585517 0.023269
1327.000000 0.328729 0.584786 0.023691
1328.000000 0.328073 0.584056 0.024113
1329.000000 0.327468 0.583388 0.024502
1330.000000 0.326865 0.582723 0.024891
1331.000000 0.326271 0.582068 0.025275
1332.000000 0.325680 0.581414 0.025659
1333.000000 0.325032 0.580690 0.026083
1334.000000 0.324387 0.579967 0.026507
1335.000000 0.323608 0.579077 0.027026
1336.000000 0.322833 0.578189 0.027545
1337.000000 0.321875 0.577072 0.028194
1338.000000 0.320922 0.575959 0.028843
1339.000000 0.319760 0.574582 0.029645
1340.000000 0.318605 0.573213 0.030446
1341.000000 0.317329 0.571689 0.031340
1342.000000 0.316062 0.570175 0.032234
1343.000000 0.314784 0.568644 0.033143
1344.000000 0.313514 0.567122 0.034052
1345.000000 0.312335 0.565713 0.034900
1346.000000 0.311164 0.564312 0.035748
1347.000000 0.310187 0.563158 0.036455
1348.000000 0.309216 0.562008 0.037163
1349.000000 0.308471 0.561146 0.037703
1350.000000 0.307729 0.560287 0.038242
1351.000000 0.307056 0.559515 0.038732
1352.000000 0.306385 0.558745 0.039222
1353.000000 0.305595 0.557824 0.039805
1354.000000 0.304809 0.556906 0.040388
1355.000000 0.303714 0.555594 0.041212
1356.000000 0.302626 0.554290 0.042037
1357.000000 0.301062 0.552375 0.043242
1358.000000 0.299511 0.550474 0.044446
1359.000000 0.297468 0.547939 0.046057
1360.000000 0.295448 0.545428 0.047668
1361.000000 0.293262 0.542699 0.049434
1362.000000 0.291102 0.539998 0.051201
1363.000000 0.289128 0.537531 0.052833
1364.000000 0.287176 0.535087 0.054466
1365.000000 0.285670 0.533220 0.055732
1366.000000 0.284177 0.531367 0.056997
1367.000000 0.282973 0.529887 0.058022
1368.000000 0.281777 0.528416 0.059047
1369.000000 0.280591 0.526956 0.060070
1370.000000 0.279413 0.525503 0.061094
1371.000000 0.277976 0.523712 0.062356
1372.000000 0.276552 0.521933 0.063619
1373.000000 0.274617 0.519479 0.065362
1374.000000 0.272704 0.517049 0.067104
1375.000000 0.270055 0.513641 0.069560
1376.000000 0.267449 0.510278 0.072016
1377.000000 0.263903 0.505656 0.075428
1378.000000 0.260434 0.501115 0.078841
1379.000000 0.256090 0.495379 0.083227
1380.000000 0.251863 0.489769 0.087613
1381.000000 0.247168 0.483495 0.092628
1382.000000 0.242613 0.477370 0.097642
1383.000000 0.237974 0.471092 0.102908
1384.000000 0.233476 0.464965 0.108175
1385.000000 0.229208 0.459120 0.113322
1386.000000 0.225063 0.453409 0.118469
1387.000000 0.221416 0.448363 0.123121
1388.000000 0.217862 0.443419 0.127773
1389.000000 0.214779 0.439118 0.131903
1390.000000 0.211765 0.434892 0.136033
1391.000000 0.208876 0.430823 0.140080
1392.000000 0.206048 0.426821 0.144127
1393.000000 0.203019 0.422506 0.148562
1394.000000 0.200060 0.418269 0.152998
1395.000000 0.196615 0.413292 0.158299
1396.000000 0.193262 0.408417 0.163600
1397.000000 0.189207 0.402459 0.170217
1398.000000 0.185284 0.396650 0.176833
1399.000000 0.180776 0.389901 0.184720
1400.000000 0.176439 0.383344 0.192606
1401.000000 0.171924 0.376445 0.201149
1402.000000 0.167589 0.369750 0.209691
1403.000000 0.163419 0.363241 0.218245
1404.000000 0.159410 0.356919 0.226799
1405.000000 0.155816 0.351197 0.234761
1406.000000 0.152349 0.345623 0.242722
1407.000000 0.149521 0.341048 0.249427
1408.000000 0.146775 0.336568 0.256132
1409.000000 0.144671 0.333129 0.261396
1410.000000 0.142615 0.329745 0.266660
1411.000000 0.141057 0.327185 0.270720
1412.000000 0.139525 0.324656 0.274781
1413.000000 0.138366 0.322754 0.277890
1414.000000 0.137222 0.320869 0.280999
1415.000000 0.136330 0.319412 0.283443
1416.000000 0.135446 0.317965 0.285888
1417.000000 0.134728 0.316802 0.287885
1418.000000 0.134016 0.315645 0.289882
1419.000000 0.133389 0.314637 0.291646
1420.000000 0.132768 0.313634 0.293409
1421.000000 0.132167 0.312666 0.295122
1422.000000 0.131571 0.311703 0.296835
1423.000000 0.130935 0.310666 0.298682
1424.000000 0.130303 0.309635 0.300528
1425.000000 0.129543 0.308375 0.302779
1426.000000 0.128790 0.307122 0.305030
1427.000000 0.127785 0.305416 0.308082
1428.000000 0.126794 0.303726 0.311135
1429.000000 0.125433 0.301363 0.315406
1430.000000 0.124096 0.299028 0.319677
1431.000000 0.122450 0.296115 0.325053
1432.000000 0.120838 0.293243 0.330429
1433.000000 0.119559 0.290966 0.334772
1434.000000 0.118301 0.288715 0.339114
1435.000000 0.117696 0.287671 0.341200
1436.000000 0.117095 0.286634 0.343286
1437.000000 0.116872 0.286302 0.344027
1438.000000 0.116649 0.285970 0.344768
1439.000000 0.116513 0.285801 0.345198
1440.000000 0.116377 0.285632 0.345628
1441.000000 0.116130 0.285254 0.346462
1442.000000 0.115883 0.284877 0.347297
1443.000000 0.115608 0.284446 0.348240
1444.000000 0.115333 0.284015 0.349184
1445.000000 0.115173 0.283803 0.349706
1446.000000 0.115014 0.283590 0.350229
1447.000000 0.115070 0.283788 0.349954
1448.000000 0.115127 0.283986 0.349680
1449.000000 0.115330 0.284462 0.348865
1450.000000 0.115534 0.284940 0.348050
1451.000000 0.115732 0.285407 0.347261
1452.000000 0.115930 0.285874 0.346471
1453.000000 0.115973 0.286050 0.346246
1454.000000 0.116016 0.286225 0.346021
1455.000000 0.115923 0.286145 0.346291
1456.000000 0.115830 0.286065 0.346561
1457.000000 0.115779 0.286065 0.346677
1458.000000 0.115728 0.286066 0.346792
1459.000000 0.115907 0.286502 0.346069
1460.000000 0.116088 0.286940 0.345346
1461.000000 0.116691 0.288176 0.343099
1462.000000 0.117300 0.289419 0.340852
1463.000000 0.118511 0.291787 0.336505
1464.000000 0.119745 0.294183 0.332158
1465.000000 0.121250 0.297070 0.326967
1466.000000 0.122787 0.299998 0.321776
1467.000000 0.123888 0.302114 0.318104
1468.000000 0.125005 0.304251 0.314433
1469.000000 0.125626 0.305480 0.312389
1470.000000 0.126251 0.306717 0.310345
1471.000000 0.126556 0.307374 0.309319
1472.000000 0.126863 0.308033 0.308293
1473.000000 0.127039 0.308458 0.307676
1474.000000 0.127217 0.308884 0.307058
1475.000000 0.127462 0.309434 0.306229
1476.000000 0.127709 0.309985 0.305400
1477.000000 0.128180 0.310939 0.303883
1478.000000 0.128654 0.311897 0.302367
1479.000000 0.129352 0.313253 0.300184
1480.000000 0.130056 0.314618 0.298000
1481.000000 0.130940 0.316301 0.295300
1482.000000 0.131835 0.317997 0.292599
1483.000000 0.132867 0.319930 0.289532
1484.000000 0.133913 0.321880 0.286465
1485.000000 0.135043 0.323972 0.283198
1486.000000 0.136188 0.326083 0.279931
1487.000000 0.137374 0.328258 0.276597
1488.000000 0.138578 0.330454 0.273263
1489.000000 0.139768 0.332620 0.270010
1490.000000 0.140975 0.334807 0.266757
1491.000000 0.142133 0.336903 0.263673
1492.000000 0.143307 0.339020 0.260589
1493.000000 0.144425 0.341034 0.257688
1494.000000 0.145556 0.343066 0.254787
1495.000000 0.146632 0.344998 0.252060
1496.000000 0.147721 0.346946 0.249332
1497.000000 0.148746 0.348784 0.246788
1498.000000 0.149783 0.350637 0.244243
1499.000000 0.150777 0.352413 0.241829
1500.000000 0.151782 0.354202 0.239414
1501.000000 0.152767 0.355956 0.237070
1502.000000 0.153762 0.357722 0.234725
1503.000000 0.154764 0.359495 0.232389
1504.000000 0.155776 0.361281 0.230054
1505.000000 0.156828 0.363126 0.227656
1506.000000 0.157890 0.364985 0.225259
1507.000000 0.159016 0.366943 0.222750
1508.000000 0.160155 0.368916 0.220240
1509.000000 0.161386 0.371033 0.217564
1510.000000 0.162633 0.373168 0.214888
1511.000000 0.163957 0.375421 0.212084
1512.000000 0.165298 0.377696 0.209280
1513.000000 0.166661 0.379996 0.206468
1514.000000 0.168042 0.382319 0.203656
1515.000000 0.169381 0.384566 0.200963
1516.000000 0.170737 0.386835 0.198269
1517.000000 0.172010 0.388964 0.195769
1518.000000 0.173297 0.391112 0.193268
1519.000000 0.174503 0.393124 0.190951
1520.000000 0.175721 0.395152 0.188635
1521.000000 0.176863 0.397055 0.186483
1522.000000 0.178017 0.398973 0.184331
1523.000000 0.179101 0.400778 0.182326
1524.000000 0.180196 0.402597 0.180321
1525.000000 0.181235 0.404325 0.178433
1526.000000 0.182283 0.406064 0.176546
1527.000000 0.183277 0.407718 0.174768
1528.000000 0.184280 0.409383 0.172990
1529.000000 0.185239 0.410978 0.171301
1530.000000 0.186206 0.412582 0.169613
1531.000000 0.187147 0.414146 0.167982
1532.000000 0.188095 0.415718 0.166351
1533.000000 0.189041 0.417285 0.164736
1534.000000 0.189994 0.418861 0.163121
1535.000000 0.190961 0.420457 0.161496
1536.000000 0.191935 0.422062 0.159871
1537.000000 0.192958 0.423739 0.158182
1538.000000 0.193990 0.425425 0.156492
1539.000000 0.195093 0.427217 0.154704
1540.000000 0.196206 0.429021 0.152915
1541.000000 0.197378 0.430910 0.151052
1542.000000 0.198560 0.432812 0.149190
1543.000000 0.199768 0.434747 0.147306
1544.000000 0.200988 0.436697 0.145422
1545.000000 0.202192 0.438621 0.143578
1546.000000 0.203408 0.440558 0.141734
1547.000000 0.204576 0.442421 0.139977
1548.000000 0.205754 0.444297 0.138220
1549.000000 0.206851 0.446048 0.136595
1550.000000 0.207957 0.447810 0.134971
1551.000000 0.208983 0.449454 0.133471
1552.000000 0.210018 0.451107 0.131971
1553.000000 0.210993 0.452671 0.130565
1554.000000 0.211976 0.454243 0.129159
1555.000000 0.212926 0.455765 0.127808
1556.000000 0.213882 0.457296 0.126457
1557.000000 0.214799 0.458767 0.125169
1558.000000 0.215722 0.460245 0.123880
1559.000000 0.216587 0.461638 0.122678
1560.000000 0.217457 0.463037 0.121475
1561.000000 0.218249 0.464322 0.120384
1562.000000 0.219045 0.465612 0.119292
1563.000000 0.219742 0.466758 0.118335
1564.000000 0.220442 0.467908 0.117378
1565.000000 0.221017 0.468876 0.116589
1566.000000 0.221594 0.469847 0.115799
1567.000000 0.222029 0.470614 0.115193
1568.000000 0.222465 0.471383 0.114588
1569.000000 0.222751 0.471937 0.114175
1570.000000 0.223038 0.472491 0.113762
1571.000000 0.223224 0.472899 0.113479
1572.000000 0.223409 0.473309 0.113195
1573.000000 0.223560 0.473667 0.112957
1574.000000 0.223711 0.474025 0.112718
1575.000000 0.223891 0.474426 0.112442
1576.000000 0.224071 0.474827 0.112167
1577.000000 0.224350 0.475368 0.111768
1578.000000 0.224629 0.475911 0.111369
1579.000000 0.225075 0.476691 0.110763
1580.000000 0.225522 0.477473 0.110157
1581.000000 0.226204 0.478589 0.109261
1582.000000 0.226889 0.479709 0.108366
1583.000000 0.227790 0.481135 0.107210
1584.000000 0.228696 0.482568 0.106054
1585.000000 0.229684 0.484114 0.104807
1586.000000 0.230678 0.485668 0.103560
1587.000000 0.231589 0.487102 0.102421
1588.000000 0.232505 0.488542 0.101282
1589.000000 0.233222 0.489697 0.100387
1590.000000 0.233942 0.490856 0.099492
1591.000000 0.234480 0.491758 0.098813
1592.000000 0.235021 0.492662 0.098135
1593.000000 0.235427 0.493375 0.097615
1594.000000 0.235834 0.494090 0.097096
1595.000000 0.236163 0.494696 0.096668
1596.000000 0.236493 0.495303 0.096239
1597.000000 0.236786 0.495859 0.095854
1598.000000 0.237080 0.496416 0.095469
1599.000000 0.237386 0.496991 0.095070
1600.000000 0.237693 0.497569 0.094670
1601.000000 0.238062 0.498234 0.094200
1602.000000 0.238432 0.498900 0.093730
1603.000000 0.238873 0.499668 0.093180
1604.000000 0.239315 0.500439 0.092629
1605.000000 0.239801 0.501270 0.092031
1606.000000 0.240289 0.502104 0.091432
1607.000000 0.240788 0.502956 0.090821
1608.000000 0.241290 0.503809 0.090211
1609.000000 0.241773 0.504636 0.089623
1610.000000 0.242257 0.505466 0.089035
1611.000000 0.242692 0.506226 0.088503
1612.000000 0.243129 0.506987 0.087971
1613.000000 0.243510 0.507671 0.087502
1614.000000 0.243891 0.508355 0.087033
1615.000000 0.244228 0.508975 0.086615
1616.000000 0.244565 0.509597 0.086197
1617.000000 0.244874 0.510176 0.085812
1618.000000 0.245182 0.510756 0.085427
1619.000000 0.245476 0.511314 0.085060
1620.000000 0.245770 0.511872 0.084693
1621.000000 0.246062 0.512427 0.084329
1622.000000 0.246355 0.512983 0.083964
1623.000000 0.246660 0.513555 0.083587
1624.000000 0.246967 0.514128 0.083210
1625.000000 0.247287 0.514722 0.082818
1626.000000 0.247609 0.515315 0.082426
1627.000000 0.247946 0.515931 0.082018
1628.000000 0.248284 0.516547 0.081610
1629.000000 0.248627 0.517169 0.081198
1630.000000 0.248971 0.517793 0.080785
1631.000000 0.249309 0.518407 0.080380
1632.000000 0.249648 0.519022 0.079975
1633.000000 0.249969 0.519613 0.079589
1634.000000 0.250292 0.520205 0.079203
1635.000000 0.250589 0.520761 0.078844
1636.000000 0.250888 0.521319 0.078485
1637.000000 0.251161 0.521842 0.078152
1638.000000 0.251435 0.522365 0.077820
1639.000000 0.251687 0.522858 0.077511
1640.000000 0.251940 0.523351 0.077202
1641.000000 0.252173 0.523817 0.076914
1642.000000 0.252407 0.524284 0.076625
1643.000000 0.252624 0.524727 0.076355
1644.000000 0.252841 0.525171 0.076084
1645.000000 0.253031 0.525577 0.075842
1646.000000 0.253221 0.525984 0.075600
1647.000000 0.253400 0.526374 0.075370
1648.000000 0.253579 0.526766 0.075139
1649.000000 0.253750 0.527146 0.074918
1650.000000 0.253921 0.527526 0.074696
1651.000000 0.254086 0.527898 0.074481
1652.000000 0.254251 0.528270 0.074267
1653.000000 0.254403 0.528626 0.074064
1654.000000 0.254557 0.528982 0.073861
1655.000000 0.254676 0.529292 0.073694
1656.000000 0.254795 0.529601 0.073526
1657.000000 0.254887 0.529873 0.073386
1658.000000 0.254979 0.530145 0.073247
1659.000000 0.255035 0.530367 0.073143
1660.000000 0.255092 0.530590 0.073040
1661.000000 0.255106 0.530755 0.072979
1662.000000 0.255121 0.530920 0.072919
1663.000000 0.255097 0.531029 0.072899
1664.000000 0.255071 0.531139 0.072879
1665.000000 0.254994 0.531174 0.072913
1666.000000 0.254916 0.531209 0.072948
1667.000000 0.254807 0.531201 0.073014
1668.000000 0.254698 0.531192 0.073080
1669.000000 0.254563 0.531147 0.073174
1670.000000 0.254428 0.531102 0.073268
1671.000000 0.254271 0.531025 0.073384
1672.000000 0.254114 0.530949 0.073500
1673.000000 0.253940 0.530847 0.073635
1674.000000 0.253766 0.530746 0.073769
1675.000000 0.253572 0.530615 0.073925
1676.000000 0.253379 0.530485 0.074081
1677.000000 0.253176 0.530342 0.074246
1678.000000 0.252974 0.530199 0.074411
1679.000000 0.252769 0.530049 0.074580
1680.000000 0.252563 0.529899 0.074750
1681.000000 0.252358 0.529749 0.074920
1682.000000 0.252153 0.529598 0.075090
1683.000000 0.251953 0.529453 0.075255
1684.000000 0.251753 0.529308 0.075421
1685.000000 0.251542 0.529145 0.075599
1686.000000 0.251331 0.528983 0.075777
1687.000000 0.251133 0.528837 0.075943
1688.000000 0.250935 0.528691 0.076108
1689.000000 0.250750 0.528562 0.076260
1690.000000 0.250565 0.528433 0.076413
1691.000000 0.250392 0.528318 0.076554
1692.000000 0.250218 0.528204 0.076695
1693.000000 0.250055 0.528102 0.076827
1694.000000 0.249891 0.528000 0.076958
1695.000000 0.249743 0.527920 0.077074
1696.000000 0.249595 0.527840 0.077189
1697.000000 0.249453 0.527767 0.077298
1698.000000 0.249312 0.527694 0.077408
1699.000000 0.249174 0.527627 0.077513
1700.000000 0.249036 0.527560 0.077618
1701.000000 0.248898 0.527492 0.077724
1702.000000 0.248760 0.527423 0.077830
1703.000000 0.248610 0.527338 0.077949
1704.000000 0.248461 0.527254 0.078067
1705.000000 0.248302 0.527157 0.078195
1706.000000 0.248144 0.527059 0.078323
1707.000000 0.247951 0.526912 0.078489
1708.000000 0.247757 0.526764 0.078655
1709.000000 0.247517 0.526549 0.078872
1710.000000 0.247277 0.526335 0.079089
1711.000000 0.246986 0.526048 0.079362
1712.000000 0.246696 0.525761 0.079634
1713.000000 0.246366 0.525418 0.079949
1714.000000 0.246037 0.525076 0.080264
1715.000000 0.245689 0.524704 0.080601
1716.000000 0.245341 0.524332 0.080939
1717.000000 0.244980 0.523941 0.081292
1718.000000 0.244621 0.523551 0.081645
1719.000000 0.244260 0.523158 0.081999
1720.000000 0.243901 0.522766 0.082354
1721.000000 0.243550 0.522384 0.082701
1722.000000 0.243199 0.522002 0.083048
1723.000000 0.242859 0.521634 0.083385
1724.000000 0.242519 0.521265 0.083722
1725.000000 0.242219 0.520952 0.084016
1726.000000 0.241919 0.520639 0.084311
1727.000000 0.241633 0.520343 0.084592
1728.000000 0.241347 0.520047 0.084873
1729.000000 0.241075 0.519770 0.085139
1730.000000 0.240804 0.519494 0.085405
1731.000000 0.240540 0.519227 0.085664
1732.000000 0.240277 0.518959 0.085923
1733.000000 0.240003 0.518675 0.086195
1734.000000 0.239729 0.518392 0.086467
1735.000000 0.239464 0.518119 0.086729
1736.000000 0.239200 0.517848 0.086992
1737.000000 0.238888 0.517506 0.087309
1738.000000 0.238577 0.517165 0.087626
1739.000000 0.238201 0.516729 0.088018
1740.000000 0.237826 0.516294 0.088411
1741.000000 0.237380 0.515756 0.088885
1742.000000 0.236935 0.515220 0.089359
1743.000000 0.236428 0.514592 0.089906
1744.000000 0.235923 0.513965 0.090454
1745.000000 0.235339 0.513225 0.091094
1746.000000 0.234757 0.512487 0.091735
1747.000000 0.234131 0.511682 0.092430
1748.000000 0.233507 0.510880 0.093126
1749.000000 0.232846 0.510022 0.093868
1750.000000 0.232188 0.509168 0.094610
1751.000000 0.231502 0.508272 0.095389
1752.000000 0.230819 0.507378 0.096168
1753.000000 0.230113 0.506449 0.096978
1754.000000 0.229410 0.505524 0.097789
1755.000000 0.228679 0.504555 0.098638
1756.000000 0.227951 0.503591 0.099486
1757.000000 0.227174 0.502553 0.100399
1758.000000 0.226402 0.501520 0.101312
1759.000000 0.225567 0.500393 0.102306
1760.000000 0.224738 0.499272 0.103300
1761.000000 0.223862 0.498081 0.104358
1762.000000 0.222991 0.496896 0.105416
1763.000000 0.222110 0.495693 0.106493
1764.000000 0.221234 0.494496 0.107570
1765.000000 0.220396 0.493353 0.108605
1766.000000 0.219563 0.492215 0.109641
1767.000000 0.218791 0.491163 0.110605
1768.000000 0.218022 0.490116 0.111569
1769.000000 0.217346 0.489205 0.112416
1770.000000 0.216673 0.488297 0.113264
1771.000000 0.216126 0.487576 0.113950
1772.000000 0.215582 0.486855 0.114636
1773.000000 0.215183 0.486353 0.115131
1774.000000 0.214786 0.485851 0.115626
1775.000000 0.214512 0.485532 0.115959
1776.000000 0.214238 0.485213 0.116292
1777.000000 0.214058 0.485034 0.116499
1778.000000 0.213879 0.484855 0.116707
1779.000000 0.213764 0.484772 0.116829
1780.000000 0.213649 0.484688 0.116951
1781.000000 0.213570 0.484656 0.117026
1782.000000 0.213490 0.484623 0.117102
1783.000000 0.213423 0.484608 0.117161
1784.000000 0.213356 0.484593 0.117221
1785.000000 0.213297 0.484588 0.117269
1786.000000 0.213238 0.484584 0.117318
1787.000000 0.213195 0.484601 0.117347
1788.000000 0.213152 0.484617 0.117375
1789.000000 0.213128 0.484661 0.117379
1790.000000 0.213104 0.484705 0.117382
1791.000000 0.213102 0.484782 0.117356
1792.000000 0.213100 0.484858 0.117330
1793.000000 0.213125 0.484972 0.117269
1794.000000 0.213149 0.485086 0.117208
1795.000000 0.213195 0.485232 0.117118
1796.000000 0.213241 0.485377 0.117029
1797.000000 0.213320 0.485572 0.116896
1798.000000 0.213399 0.485767 0.116762
1799.000000 0.213512 0.486012 0.116583
1800.000000 0.213625 0.486257 0.116405
1801.000000 0.213754 0.486526 0.116204
1802.000000 0.213883 0.486796 0.116004
1803.000000 0.214004 0.487054 0.115815
1804.000000 0.214125 0.487312 0.115625
1805.000000 0.214213 0.487521 0.115480
1806.000000 0.214301 0.487729 0.115335
1807.000000 0.214333 0.487854 0.115266
1808.000000 0.214364 0.487978 0.115196
1809.000000 0.214317 0.487985 0.115230
1810.000000 0.214270 0.487993 0.115265
1811.000000 0.214138 0.487873 0.115413
1812.000000 0.214006 0.487753 0.115561
1813.000000 0.213786 0.487502 0.115827
1814.000000 0.213566 0.487250 0.116092
1815.000000 0.213256 0.486864 0.116479
1816.000000 0.212947 0.486479 0.116866
1817.000000 0.212545 0.485953 0.117379
1818.000000 0.212143 0.485429 0.117892
1819.000000 0.211654 0.484772 0.118527
1820.000000 0.211166 0.484117 0.119161
1821.000000 0.210618 0.483370 0.119879
1822.000000 0.210073 0.482627 0.120597
1823.000000 0.209502 0.481845 0.121352
1824.000000 0.208934 0.481065 0.122108
1825.000000 0.208380 0.480306 0.122846
1826.000000 0.207828 0.479550 0.123585
1827.000000 0.207318 0.478855 0.124268
1828.000000 0.206810 0.478161 0.124952
1829.000000 0.206375 0.477578 0.125535
1830.000000 0.205941 0.476997 0.126118
1831.000000 0.205613 0.476574 0.126554
1832.000000 0.205285 0.476152 0.126991
1833.000000 0.205094 0.475936 0.127234
1834.000000 0.204903 0.475721 0.127477
1835.000000 0.204879 0.475758 0.127484
1836.000000 0.204854 0.475795 0.127491
1837.000000 0.205031 0.476136 0.127213
1838.000000 0.205207 0.476478 0.126935
1839.000000 0.205618 0.477174 0.126326
1840.000000 0.206030 0.477873 0.125717
1841.000000 0.206704 0.478968 0.124742
1842.000000 0.207381 0.480067 0.123767
1843.000000 0.208169 0.481331 0.122643
1844.000000 0.208961 0.482601 0.121520
1845.000000 0.209518 0.483512 0.120726
1846.000000 0.210078 0.484427 0.119933
1847.000000 0.210047 0.484446 0.119951
1848.000000 0.210017 0.484465 0.119969
1849.000000 0.209044 0.483056 0.121284
1850.000000 0.208077 0.481655 0.122599
1851.000000 0.205851 0.478331 0.125697
1852.000000 0.203661 0.475048 0.128795
1853.000000 0.199961 0.469425 0.134161
1854.000000 0.196361 0.463918 0.139527
1855.000000 0.191111 0.455784 0.147636
1856.000000 0.186069 0.447890 0.155744
1857.000000 0.179350 0.437216 0.167083
1858.000000 0.172989 0.426957 0.178422
1859.000000 0.165446 0.414577 0.192706
1860.000000 0.158384 0.402767 0.206990
1861.000000 0.151191 0.390495 0.222556
1862.000000 0.144475 0.378801 0.238122
1863.000000 0.138402 0.368012 0.253160
1864.000000 0.132704 0.357687 0.268199
1865.000000 0.127963 0.348940 0.281471
1866.000000 0.123473 0.340511 0.294743
1867.000000 0.119439 0.332808 0.307307
1868.000000 0.115602 0.325359 0.319871
1869.000000 0.111680 0.317607 0.333396
1870.000000 0.107960 0.310118 0.346920
1871.000000 0.103764 0.301495 0.363073
1872.000000 0.099818 0.293208 0.379226
1873.000000 0.095156 0.283157 0.399675
1874.000000 0.090832 0.273577 0.420124
1875.000000 0.085806 0.262076 0.445987
1876.000000 0.081222 0.251216 0.471850
1877.000000 0.076322 0.239145 0.502383
1878.000000 0.071910 0.227821 0.532917
1879.000000 0.067497 0.215987 0.566984
1880.000000 0.063557 0.204923 0.601051
1881.000000 0.059800 0.193854 0.637515
1882.000000 0.056458 0.183516 0.673979
1883.000000 0.053385 0.173519 0.711704
1884.000000 0.050653 0.164173 0.749429
1885.000000 0.048219 0.155412 0.787194
1886.000000 0.046049 0.147199 0.824959
1887.000000 0.044194 0.139825 0.861032
1888.000000 0.042527 0.132877 0.897105
1889.000000 0.041164 0.126932 0.929744
1890.000000 0.039924 0.121291 0.962384
1891.000000 0.038967 0.116766 0.989849
1892.000000 0.038083 0.112432 1.017314
1893.000000 0.037463 0.109311 1.037863
1894.000000 0.036878 0.106287 1.058412
1895.000000 0.036546 0.104559 1.070487
1896.000000 0.036226 0.102862 1.082561
1897.000000 0.036157 0.102535 1.084976
1898.000000 0.036088 0.102210 1.087391
1899.000000 0.035943 0.101461 1.092877
1900.000000 0.035801 0.100718 1.098363
1901.000000 0.035128 0.096913 1.126830
1902.000000 0.034506 0.093267 1.155297
1903.000000 0.033617 0.087774 1.200543
1904.000000 0.032833 0.082635 1.245789
1905.000000 0.032116 0.077650 1.292722
1906.000000 0.031485 0.072992 1.339654
1907.000000 0.031068 0.069773 1.374042
1908.000000 0.030688 0.066708 1.408430
1909.000000 0.030494 0.065124 1.426920
1910.000000 0.030309 0.063580 1.445410
1911.000000 0.030233 0.062984 1.452730
1912.000000 0.030159 0.062394 1.460050
1913.000000 0.030142 0.062315 1.461118
1914.000000 0.030124 0.062235 1.462186
1915.000000 0.030118 0.062263 1.461933
1916.000000 0.030113 0.062291 1.461680
1917.000000 0.030078 0.062057 1.464662
1918.000000 0.030044 0.061824 1.467643
1919.000000 0.029975 0.061277 1.474584
1920.000000 0.029907 0.060734 1.481525
1921.000000 0.029821 0.060017 1.490775
1922.000000 0.029737 0.059309 1.500025
1923.000000 0.029650 0.058563 1.509900
1924.000000 0.029565 0.057827 1.519774
1925.000000 0.029490 0.057188 1.528472
1926.000000 0.029417 0.056556 1.537170
1927.000000 0.029364 0.056118 1.543291
1928.000000 0.029311 0.055684 1.549412
1929.000000 0.029278 0.055441 1.552906
1930.000000 0.029245 0.055199 1.556400
1931.000000 0.029225 0.055094 1.557972
1932.000000 0.029205 0.054990 1.559543
1933.000000 0.029194 0.054971 1.559902
1934.000000 0.029183 0.054953 1.560261
1935.000000 0.029176 0.054976 1.560029
1936.000000 0.029169 0.055000 1.559797
1937.000000 0.029161 0.055008 1.559773
1938.000000 0.029152 0.055017 1.559749
1939.000000 0.029138 0.054961 1.560639
1940.000000 0.029123 0.054904 1.561528
1941.000000 0.029109 0.054849 1.562400
1942.000000 0.029095 0.054794 1.563272
1943.000000 0.029115 0.055084 1.559272
1944.000000 0.029134 0.055375 1.555272
1945.000000 0.029228 0.056411 1.540995
1946.000000 0.029325 0.057467 1.526717
1947.000000 0.029531 0.059543 1.499375
1948.000000 0.029753 0.061700 1.472034
1949.000000 0.029999 0.064007 1.443903
1950.000000 0.030265 0.066407 1.415772
1951.000000 0.030446 0.068013 1.397585
1952.000000 0.030637 0.069661 1.379398
1953.000000 0.030755 0.070689 1.368319
1954.000000 0.030876 0.071734 1.357239
1955.000000 0.030970 0.072546 1.348768
1956.000000 0.031066 0.073368 1.340296
1957.000000 0.031177 0.074304 1.330766
1958.000000 0.031292 0.075253 1.321235
1959.000000 0.031431 0.076368 1.310186
1960.000000 0.031574 0.077502 1.299136
1961.000000 0.031736 0.078762 1.287047
1962.000000 0.031904 0.080045 1.274958
1963.000000 0.032087 0.081411 1.262309
1964.000000 0.032276 0.082802 1.249660
1965.000000 0.032473 0.084226 1.236964
1966.000000 0.032678 0.085676 1.224267
1967.000000 0.032884 0.087119 1.211867
1968.000000 0.033098 0.088588 1.199466
1969.000000 0.033315 0.090051 1.187350
1970.000000 0.033539 0.091540 1.175234
1971.000000 0.033768 0.093034 1.163302
1972.000000 0.034004 0.094554 1.151370
1973.000000 0.034247 0.096091 1.139520
1974.000000 0.034499 0.097656 1.127671
1975.000000 0.034760 0.099251 1.115813
1976.000000 0.035029 0.100874 1.103955
1977.000000 0.035309 0.102532 1.092064
1978.000000 0.035599 0.104220 1.080174
1979.000000 0.035893 0.105906 1.068506
1980.000000 0.036198 0.107623 1.056838
1981.000000 0.036498 0.109293 1.045700
1982.000000 0.036808 0.110991 1.034561
1983.000000 0.037103 0.112589 1.024258
1984.000000 0.037407 0.114214 1.013955
1985.000000 0.037685 0.115685 1.004776
1986.000000 0.037971 0.117178 0.995596
1987.000000 0.038216 0.118454 0.987865
1988.000000 0.038467 0.119747 0.980134
1989.000000 0.038663 0.120765 0.974132
1990.000000 0.038863 0.121793 0.968129
1991.000000 0.039016 0.122588 0.963553
1992.000000 0.039171 0.123389 0.958976
1993.000000 0.039307 0.124098 0.954961
1994.000000 0.039445 0.124812 0.950946
1995.000000 0.039596 0.125583 0.946638
1996.000000 0.039749 0.126358 0.942330
1997.000000 0.039950 0.127356 0.936807
1998.000000 0.040155 0.128362 0.931285
1999.000000 0.040446 0.129749 0.923715
2000.000000 0.040743 0.131153 0.916145
2001.000000 0.041130 0.132943 0.906604
2002.000000 0.041528 0.134761 0.897063
2003.000000 0.041990 0.136832 0.886362
2004.000000 0.042468 0.138939 0.875660
2005.000000 0.042973 0.141138 0.864688
2006.000000 0.043496 0.143377 0.853715
2007.000000 0.044011 0.145553 0.843247
2008.000000 0.044543 0.147767 0.832779
2009.000000 0.045023 0.149748 0.823581
2010.000000 0.045517 0.151759 0.814383
2011.000000 0.045957 0.153537 0.806388
2012.000000 0.046407 0.155338 0.798392
2013.000000 0.046834 0.157035 0.790968
2014.000000 0.047272 0.158754 0.783543
2015.000000 0.047722 0.160504 0.776083
2016.000000 0.048182 0.162276 0.768623
2017.000000 0.048700 0.164242 0.760448
2018.000000 0.049232 0.166237 0.752274
2019.000000 0.049863 0.168567 0.742855
2020.000000 0.050513 0.170937 0.733436
2021.000000 0.051231 0.173516 0.723349
2022.000000 0.051973 0.176143 0.713262
2023.000000 0.052697 0.178676 0.703708
2024.000000 0.053443 0.181253 0.694155
2025.000000 0.054064 0.183389 0.686384
2026.000000 0.054701 0.185554 0.678613
2027.000000 0.055166 0.187140 0.673024
2028.000000 0.055639 0.188742 0.667435
2029.000000 0.055963 0.189857 0.663615
2030.000000 0.056291 0.190980 0.659795
2031.000000 0.056504 0.191736 0.657279
2032.000000 0.056720 0.192495 0.654762
2033.000000 0.056861 0.193015 0.653084
2034.000000 0.057002 0.193536 0.651405
2035.000000 0.057106 0.193941 0.650132
2036.000000 0.057211 0.194347 0.648858
2037.000000 0.057325 0.194782 0.647492
2038.000000 0.057439 0.195218 0.646125
2039.000000 0.057607 0.195820 0.644200
2040.000000 0.057775 0.196424 0.642274
2041.000000 0.058043 0.197336 0.639325
2042.000000 0.058313 0.198253 0.636376
2043.000000 0.058713 0.199566 0.632129
2044.000000 0.059119 0.200891 0.627882
2045.000000 0.059646 0.202579 0.622490
2046.000000 0.060182 0.204283 0.617097
2047.000000 0.060829 0.206309 0.610744
2048.000000 0.061489 0.208358 0.604390
2049.000000 0.062248 0.210680 0.597273
2050.000000 0.063024 0.213034 0.590155
2051.000000 0.063884 0.215609 0.582471
2052.000000 0.064767 0.218222 0.574787
2053.000000 0.065694 0.220939 0.566922
2054.000000 0.066647 0.223697 0.559056
2055.000000 0.067559 0.226319 0.551699
2056.000000 0.068495 0.228980 0.544343
2057.000000 0.069280 0.231208 0.538284
2058.000000 0.070083 0.233464 0.532226
2059.000000 0.070647 0.235066 0.528005
2060.000000 0.071219 0.236681 0.523783
2061.000000 0.071592 0.237757 0.521029
2062.000000 0.071968 0.238841 0.518274
2063.000000 0.072224 0.239603 0.516379
2064.000000 0.072482 0.240368 0.514484
2065.000000 0.072721 0.241084 0.512729
2066.000000 0.072961 0.241802 0.510973
2067.000000 0.073256 0.242660 0.508863
2068.000000 0.073552 0.243522 0.506752
2069.000000 0.073995 0.244764 0.503678
2070.000000 0.074443 0.246013 0.500604
2071.000000 0.075134 0.247886 0.495978
2072.000000 0.075836 0.249778 0.491352
2073.000000 0.076782 0.252280 0.485266
2074.000000 0.077748 0.254814 0.479181
2075.000000 0.078823 0.257600 0.472571
2076.000000 0.079923 0.260426 0.465961
2077.000000 0.080960 0.263076 0.459856
2078.000000 0.082021 0.265762 0.453751
2079.000000 0.082887 0.267959 0.448839
2080.000000 0.083770 0.270179 0.443926
2081.000000 0.084483 0.271983 0.439997
2082.000000 0.085206 0.273803 0.436069
2083.000000 0.085820 0.275356 0.432760
2084.000000 0.086442 0.276921 0.429451
2085.000000 0.087019 0.278374 0.426410
2086.000000 0.087602 0.279837 0.423369
2087.000000 0.088213 0.281361 0.420220
2088.000000 0.088831 0.282895 0.417071
2089.000000 0.089525 0.284599 0.413590
2090.000000 0.090228 0.286317 0.410108
2091.000000 0.090991 0.288163 0.406387
2092.000000 0.091764 0.290026 0.402666
2093.000000 0.092569 0.291955 0.398843
2094.000000 0.093386 0.293901 0.395020
2095.000000 0.094205 0.295840 0.391244
2096.000000 0.095035 0.297798 0.387467
2097.000000 0.095837 0.299683 0.383864
2098.000000 0.096650 0.301585 0.380262
2099.000000 0.097400 0.303340 0.376972
2100.000000 0.098160 0.305110 0.373682
2101.000000 0.098823 0.306660 0.370834
2102.000000 0.099493 0.308221 0.367986
2103.000000 0.100061 0.309554 0.365584
2104.000000 0.100634 0.310896 0.363182
2105.000000 0.101131 0.312069 0.361106
2106.000000 0.101632 0.313248 0.359030
2107.000000 0.102069 0.314287 0.357222
2108.000000 0.102509 0.315331 0.355413
2109.000000 0.102907 0.316282 0.353782
2110.000000 0.103308 0.317236 0.352152
2111.000000 0.103688 0.318146 0.350608
2112.000000 0.104070 0.319059 0.349064
2113.000000 0.104456 0.319978 0.347517
2114.000000 0.104844 0.320900 0.345969
2115.000000 0.105266 0.321892 0.344304
2116.000000 0.105691 0.322889 0.342639
2117.000000 0.106157 0.323971 0.340829
2118.000000 0.106626 0.325059 0.339019
2119.000000 0.107152 0.326265 0.337011
2120.000000 0.107683 0.327477 0.335003
2121.000000 0.108283 0.328833 0.332759
2122.000000 0.108889 0.330196 0.330515
2123.000000 0.109543 0.331659 0.328114
2124.000000 0.110204 0.333130 0.325714
2125.000000 0.110869 0.334608 0.323321
2126.000000 0.111540 0.336094 0.320927
2127.000000 0.112179 0.337512 0.318663
2128.000000 0.112824 0.338939 0.316399
2129.000000 0.113394 0.340210 0.314406
2130.000000 0.113968 0.341486 0.312414
2131.000000 0.114421 0.342516 0.310836
2132.000000 0.114877 0.343549 0.309259
2133.000000 0.115166 0.344243 0.308239
2134.000000 0.115456 0.344939 0.307218
2135.000000 0.115581 0.345302 0.306737
2136.000000 0.115707 0.345665 0.306256
2137.000000 0.115790 0.345942 0.305914
2138.000000 0.115873 0.346219 0.305573
2139.000000 0.116055 0.346695 0.304913
2140.000000 0.116237 0.347171 0.304253
2141.000000 0.116636 0.348081 0.302899
2142.000000 0.117036 0.348995 0.301546
2143.000000 0.117630 0.350292 0.299587
2144.000000 0.118228 0.351597 0.297628
2145.000000 0.118944 0.353133 0.295317
2146.000000 0.119667 0.354678 0.293006
2147.000000 0.120429 0.356296 0.290595
2148.000000 0.121199 0.357924 0.288185
2149.000000 0.121924 0.359461 0.285929
2150.000000 0.122657 0.361007 0.283673
2151.000000 0.123274 0.362322 0.281779
2152.000000 0.123895 0.363645 0.279885
2153.000000 0.124398 0.364732 0.278351
2154.000000 0.124904 0.365824 0.276817
2155.000000 0.125320 0.366741 0.275549
2156.000000 0.125739 0.367661 0.274281
2157.000000 0.126077 0.368426 0.273249
2158.000000 0.126417 0.369192 0.272216
2159.000000 0.126697 0.369844 0.271356
2160.000000 0.126978 0.370497 0.270496
2161.000000 0.127219 0.371072 0.269752
2162.000000 0.127460 0.371650 0.269009
2163.000000 0.127672 0.372173 0.268346
2164.000000 0.127885 0.372697 0.267684
2165.000000 0.128084 0.373194 0.267062
2166.000000 0.128284 0.373692 0.266440
2167.000000 0.128475 0.374176 0.265840
2168.000000 0.128668 0.374661 0.265241
2169.000000 0.128863 0.375152 0.264634
2170.000000 0.129059 0.375644 0.264027
2171.000000 0.129265 0.376155 0.263393
2172.000000 0.129472 0.376667 0.262759
2173.000000 0.129685 0.377192 0.262108
2174.000000 0.129900 0.377716 0.261457
2175.000000 0.130125 0.378262 0.260778
2176.000000 0.130351 0.378809 0.260098
2177.000000 0.130572 0.379344 0.259434
2178.000000 0.130794 0.379881 0.258771
2179.000000 0.131005 0.380395 0.258138
2180.000000 0.131217 0.380910 0.257506
2181.000000 0.131416 0.381401 0.256909
2182.000000 0.131616 0.381892 0.256311
2183.000000 0.131815 0.382380 0.255718
2184.000000 0.132014 0.382869 0.255126
2185.000000 0.132237 0.383403 0.254472
2186.000000 0.132461 0.383937 0.253818
2187.000000 0.132709 0.384519 0.253099
2188.000000 0.132959 0.385103 0.252380
2189.000000 0.133247 0.385760 0.251561
2190.000000 0.133537 0.386419 0.250742
2191.000000 0.133869 0.387158 0.249813
2192.000000 0.134202 0.387900 0.248885
2193.000000 0.134561 0.388690 0.247894
2194.000000 0.134921 0.389483 0.246903
2195.000000 0.135282 0.390278 0.245911
2196.000000 0.135645 0.391076 0.244920
2197.000000 0.135992 0.391845 0.243972
2198.000000 0.136341 0.392616 0.243024
2199.000000 0.136652 0.393318 0.242172
2200.000000 0.136965 0.394021 0.241320
2201.000000 0.137228 0.394633 0.240594
2202.000000 0.137492 0.395246 0.239868
2203.000000 0.137710 0.395774 0.239258
2204.000000 0.137930 0.396303 0.238647
2205.000000 0.138105 0.396752 0.238145
2206.000000 0.138282 0.397201 0.237643
2207.000000 0.138424 0.397586 0.237227
2208.000000 0.138566 0.397972 0.236810
2209.000000 0.138679 0.398304 0.236465
2210.000000 0.138793 0.398638 0.236119
2211.000000 0.138884 0.398929 0.235830
2212.000000 0.138976 0.399220 0.235540
2213.000000 0.139050 0.399478 0.235294
2214.000000 0.139123 0.399736 0.235049
2215.000000 0.139171 0.399946 0.234866
2216.000000 0.139220 0.400156 0.234684
2217.000000 0.139235 0.400305 0.234582
2218.000000 0.139250 0.400454 0.234481
2219.000000 0.139222 0.400520 0.234486
2220.000000 0.139194 0.400588 0.234491
2221.000000 0.139112 0.400555 0.234627
2222.000000 0.139031 0.400522 0.234764
2223.000000 0.138887 0.400372 0.235054
2224.000000 0.138743 0.400223 0.235343
2225.000000 0.138510 0.399905 0.235854
2226.000000 0.138278 0.399587 0.236366
2227.000000 0.138005 0.399191 0.236980
2228.000000 0.137732 0.398797 0.237594
2229.000000 0.137432 0.398351 0.238278
2230.000000 0.137133 0.397905 0.238962
2231.000000 0.136821 0.397433 0.239682
2232.000000 0.136510 0.396962 0.240402
2233.000000 0.136196 0.396484 0.241132
2234.000000 0.135882 0.396006 0.241862
2235.000000 0.135507 0.395409 0.242753
2236.000000 0.135133 0.394814 0.243645
2237.000000 0.134728 0.394159 0.244619
2238.000000 0.134325 0.393505 0.245594
2239.000000 0.133874 0.392758 0.246697
2240.000000 0.133425 0.392013 0.247800
2241.000000 0.132911 0.391143 0.249078
2242.000000 0.132400 0.390275 0.250356
2243.000000 0.131817 0.389266 0.251832
2244.000000 0.131238 0.388262 0.253308
2245.000000 0.130587 0.387115 0.254986
2246.000000 0.129940 0.385973 0.256665
2247.000000 0.129313 0.384866 0.258303
2248.000000 0.128690 0.383763 0.259942
2249.000000 0.128133 0.382785 0.261410
2250.000000 0.127579 0.381811 0.262879
2251.000000 0.127096 0.380973 0.264160
2252.000000 0.126615 0.380137 0.265442
2253.000000 0.126181 0.379390 0.266600
2254.000000 0.125749 0.378645 0.267758
2255.000000 0.125330 0.377926 0.268884
2256.000000 0.124913 0.377208 0.270009
2257.000000 0.124495 0.376488 0.271143
2258.000000 0.124079 0.375770 0.272276
2259.000000 0.123640 0.375003 0.273483
2260.000000 0.123203 0.374239 0.274690
2261.000000 0.122720 0.373384 0.276036
2262.000000 0.122240 0.372532 0.277382
2263.000000 0.121703 0.371563 0.278905
2264.000000 0.121169 0.370598 0.280428
2265.000000 0.120599 0.369559 0.282068
2266.000000 0.120033 0.368525 0.283707
2267.000000 0.119454 0.367463 0.285396
2268.000000 0.118880 0.366406 0.287084
2269.000000 0.118318 0.365370 0.288748
2270.000000 0.117759 0.364339 0.290411
2271.000000 0.117236 0.363377 0.291974
2272.000000 0.116716 0.362419 0.293538
2273.000000 0.116244 0.361558 0.294958
2274.000000 0.115776 0.360699 0.296378
2275.000000 0.115376 0.359981 0.297586
2276.000000 0.114978 0.359264 0.298794
2277.000000 0.114597 0.358580 0.299955
2278.000000 0.114218 0.357898 0.301116
2279.000000 0.113838 0.357212 0.302284
2280.000000 0.113460 0.356527 0.303453
2281.000000 0.113065 0.355804 0.304686
2282.000000 0.112671 0.355084 0.305918
2283.000000 0.112250 0.354303 0.307249
2284.000000 0.111831 0.353524 0.308580
2285.000000 0.111382 0.352681 0.310019
2286.000000 0.110935 0.351841 0.311458
2287.000000 0.110471 0.350961 0.312966
2288.000000 0.110010 0.350084 0.314474
2289.000000 0.109537 0.349180 0.316032
2290.000000 0.109066 0.348279 0.317590
2291.000000 0.108590 0.347362 0.319181
2292.000000 0.108116 0.346449 0.320771
2293.000000 0.107640 0.345530 0.322376
2294.000000 0.107168 0.344616 0.323980
2295.000000 0.106715 0.343740 0.325528
2296.000000 0.106264 0.342868 0.327075
2297.000000 0.105822 0.342012 0.328600
2298.000000 0.105382 0.341160 0.330125
2299.000000 0.104953 0.340329 0.331620
2300.000000 0.104526 0.339501 0.333115
2301.000000 0.104099 0.338670 0.334622
2302.000000 0.103674 0.337841 0.336128
2303.000000 0.103234 0.336978 0.337700
2304.000000 0.102797 0.336117 0.339273
2305.000000 0.102352 0.335238 0.340882
2306.000000 0.101910 0.334362 0.342492
2307.000000 0.101426 0.333389 0.344276
2308.000000 0.100945 0.332420 0.346060
2309.000000 0.100408 0.331324 0.348073
2310.000000 0.099876 0.330233 0.350086
2311.000000 0.099276 0.328986 0.352382
2312.000000 0.098682 0.327747 0.354678
2313.000000 0.098009 0.326324 0.357312
2314.000000 0.097343 0.324911 0.359946
2315.000000 0.096625 0.323371 0.362822
2316.000000 0.095915 0.321841 0.365698
2317.000000 0.095107 0.320078 0.369021
2318.000000 0.094308 0.318328 0.372344
2319.000000 0.093404 0.316323 0.376167
2320.000000 0.092513 0.314335 0.379991
2321.000000 0.091513 0.312078 0.384358
2322.000000 0.090529 0.309843 0.388725
2323.000000 0.089504 0.307496 0.393350
2324.000000 0.088497 0.305173 0.397976
2325.000000 0.087581 0.303051 0.402248
2326.000000 0.086679 0.300948 0.406521
2327.000000 0.086007 0.299389 0.409734
2328.000000 0.085342 0.297840 0.412947
2329.000000 0.084969 0.296995 0.414741
2330.000000 0.084599 0.296154 0.416536
2331.000000 0.084434 0.295813 0.417306
2332.000000 0.084270 0.295472 0.418076
2333.000000 0.084209 0.295384 0.418326
2334.000000 0.084148 0.295295 0.418577
2335.000000 0.084066 0.295153 0.418936
2336.000000 0.083985 0.295010 0.419296
2337.000000 0.083806 0.294630 0.420147
2338.000000 0.083629 0.294250 0.420997
2339.000000 0.083258 0.293391 0.422844
2340.000000 0.082889 0.292535 0.424690
2341.000000 0.082243 0.290985 0.427998
2342.000000 0.081604 0.289447 0.431306
2343.000000 0.080726 0.287300 0.435936
2344.000000 0.079862 0.285175 0.440565
2345.000000 0.078903 0.282791 0.445806
2346.000000 0.077960 0.280434 0.451048
2347.000000 0.077019 0.278068 0.456371
2348.000000 0.076096 0.275729 0.461695
2349.000000 0.075248 0.273575 0.466661
2350.000000 0.074415 0.271443 0.471628
2351.000000 0.073673 0.269544 0.476109
2352.000000 0.072942 0.267662 0.480590
2353.000000 0.072314 0.266048 0.484486
2354.000000 0.071694 0.264445 0.488381
2355.000000 0.071193 0.263161 0.491547
2356.000000 0.070697 0.261886 0.494712
2357.000000 0.070323 0.260942 0.497096
2358.000000 0.069952 0.260002 0.499481
2359.000000 0.069690 0.259362 0.501146
2360.000000 0.069430 0.258724 0.502812
2361.000000 0.069235 0.258264 0.504044
2362.000000 0.069040 0.257806 0.505276
2363.000000 0.068865 0.257402 0.506375
2364.000000 0.068692 0.256999 0.507474
2365.000000 0.068502 0.256549 0.508690
2366.000000 0.068313 0.256100 0.509906
2367.000000 0.068057 0.255462 0.511591
2368.000000 0.067804 0.254827 0.513276
2369.000000 0.067444 0.253886 0.515731
2370.000000 0.067086 0.252950 0.518186
2371.000000 0.066584 0.251595 0.521711
2372.000000 0.066088 0.250250 0.525236
2373.000000 0.065414 0.248381 0.530132
2374.000000 0.064751 0.246530 0.535028
2375.000000 0.063918 0.244167 0.541317
2376.000000 0.063103 0.241833 0.547607
2377.000000 0.062272 0.239430 0.554157
2378.000000 0.061459 0.237056 0.560708
2379.000000 0.060773 0.235045 0.566334
2380.000000 0.060100 0.233056 0.571960
2381.000000 0.059658 0.231765 0.575673
2382.000000 0.059222 0.230482 0.579386
2383.000000 0.058986 0.229815 0.581369
2384.000000 0.058752 0.229150 0.583352
2385.000000 0.058645 0.228879 0.584213
2386.000000 0.058538 0.228608 0.585073
2387.000000 0.058486 0.228505 0.585450
2388.000000 0.058434 0.228403 0.585826
2389.000000 0.058367 0.228252 0.586340
2390.000000 0.058299 0.228101 0.586855
2391.000000 0.058149 0.227685 0.588129
2392.000000 0.057998 0.227270 0.589404
2393.000000 0.057698 0.226380 0.592055
2394.000000 0.057401 0.225495 0.594707
2395.000000 0.056895 0.223939 0.599338
2396.000000 0.056396 0.222396 0.603969
2397.000000 0.055644 0.220022 0.611132
2398.000000 0.054910 0.217679 0.618294
2399.000000 0.053988 0.214689 0.627549
2400.000000 0.053092 0.211750 0.636803
