298.74
300.33
301.91
303.50
305.08
306.67
308.25
309.84
311.43
313.01
314.60
316.19
317.77
319.36
320.95
322.54
324.12
325.71
327.30
328.89
330.48
332.07
333.66
335.25
336.84
338.43
340.02
341.61
343.21
344.80
346.39
347.98
349.58
351.17
352.77
354.36
355.95
357.55
359.15
360.74
362.34
363.94
365.53
367.13
368.73
370.33
371.93
373.53
375.13
376.73
378.33
379.93
381.53
383.13
384.74
386.34
387.94
389.54
391.15
392.75
394.36
395.96
397.57
399.17
400.78
402.39
403.99
405.60
407.21
408.82
410.43
412.03
413.64
415.25
416.86
418.47
420.08
421.69
423.31
424.92
426.53
428.14
429.75
431.37
432.98
434.59
436.21
437.82
439.43
441.05
442.66
444.28
445.89
447.51
449.12
450.74
452.35
453.97
455.58
457.20
458.82
460.43
462.05
463.67
465.28
466.90
468.52
470.14
471.75
473.37
474.99
476.61
478.22
479.84
481.46
483.08
484.70
486.31
487.93
489.55
491.17
492.79
494.40
496.02
497.64
499.26
500.88
502.49
504.11
505.73
507.35
508.96
510.58
512.20
513.81
515.43
517.05
518.66
520.28
521.90
523.51
525.13
526.75
528.36
529.98
531.59
533.21
534.82
536.44
538.05
539.66
541.28
542.89
544.50
546.12
547.73
549.34
550.95
552.56
554.18
555.79
557.40
559.01
560.62
562.23
563.83
565.44
567.05
568.66
570.27
571.87
573.48
575.09
576.69
578.30
579.90
581.50
583.11
584.71
586.31
587.92
589.52
591.12
592.72
594.32
595.92
597.52
599.12
600.72
602.31
603.91
605.51
607.10
608.70
610.29
611.89
613.48
615.07
616.66
618.26
619.85
621.44
623.03
624.62
626.20
627.79
629.38
630.97
632.55
634.14
635.72
637.31
638.89
640.47
642.05
643.63
645.21
646.79
648.37
649.95
651.53
653.11
654.68
656.26
657.83
659.41
660.98
662.55
664.13
665.70
667.27
668.84
670.41
671.97
673.54
675.11
676.67
678.24
679.80
681.37
682.93
684.49
686.06
687.62
689.18
690.74
692.29
693.85
695.41
696.97
698.52
700.08
701.63
703.18
704.74
706.29
707.84
709.39
710.94
712.49
714.04
715.58
717.13
718.68
720.22
721.77
723.31
724.85
726.40
727.94
729.48
731.02
732.56
734.10
735.63
737.17
738.71
740.24
741.78
743.31
744.85
746.38
747.91
749.44
750.97
752.50
754.03
755.56
757.09
758.62
760.14
761.67
763.19
764.72
766.24
767.77
769.29
770.81
772.33
773.85
775.37
776.89
778.41
779.93
781.45
782.96
784.48
785.99
787.51
789.02
790.54
792.05
793.56
795.08
796.59
798.10
799.61
801.12
802.63
804.14
805.65
807.15
808.66
810.17
811.67
813.18
814.68
816.19
817.69
819.20
820.70
822.20
823.70
825.21
826.71
828.21
829.71
831.21
832.71
834.21
835.70
837.20
838.70
840.20
841.69
843.19
844.69
846.18
847.68
849.17
850.67
852.16
853.66
855.15
856.64
858.14
859.63
861.12
862.61
864.10
865.59
867.08
868.57
870.07
871.55
873.04
874.53
876.02
877.51
879.00
880.49
881.98
883.46
884.95
886.44
887.92
889.41
890.90
892.38
893.87
895.36
896.84
898.33
899.81
901.30
902.78
904.26
905.75
907.23
908.72
910.20
911.68
913.17
914.65
916.13
917.61
919.10
920.58
922.06
923.54
925.03
926.51
927.99
929.47
930.95
932.43
933.91
935.39
936.87
938.35
939.83
941.31
942.79
944.27
945.75
947.23
948.71
950.19
951.67
953.15
954.62
956.10
957.58
959.06
960.54
962.01
963.49
964.97
966.44
967.92
969.40
970.87
972.35
973.82
975.30
976.77
978.25
979.72
981.20
982.67
984.15
985.62
987.09
988.57
990.04
991.51
992.98
994.45
995.93
997.40
998.87
1000.34
1001.81
1003.28
1004.75
1006.21
1007.68
1009.15
1010.62
1012.08
1013.55
1015.02
1016.48
1017.95
1019.41
1020.87
1022.34
1023.80
1025.26
1026.72
1028.18
1029.64
1031.10
1032.56
1034.02
1035.48
1036.93
1038.39
1039.84
1041.30
1042.75
1044.20
1045.65
1047.10
1048.55
1050.00
1051.45
1052.89
1054.34
1055.78
1057.23
1058.67
1060.11
1061.55
1062.99
1064.42
1065.86
1067.30
1068.73
1070.16
1071.59
1073.02
1074.45
1075.87
1077.30
1078.72
1080.14
1081.56
1082.98
1084.40
1085.81
1087.22
