 52184   3740  10621   7880 DEL NORTE

2005  1  1   40    8    0    0 9999
2005  1  2   40   10    0    0 9999
2005  1  3   35   14    0    0    0
2005  1  4 9999 9999    0    0    0
2005  1  5 9999 9999    0    0    0
2005  1  6 9999 9999    0    0    0
2005  1  7   23   -2    0    0    0
2005  1  8   24   -2    0    0    0
2005  1  9   35    1    0    0    0
2005  1 10   46   23    0    0    0
2005  1 11 9999 9999 9999 9999 9999
2005  1 12   45   19    7   10    1
2005  1 13   34    2    0    0    1
2005  1 14   26    0    0    0    1
2005  1 15   27   -2    0    0    1
2005  1 16   30   -3    0    0 9999
2005  1 17   32    6    0    0 9999
2005  1 18 9999 9999    0    0 9999
2005  1 19   37   14    0    0 9999
2005  1 20   45   13    0    0 9999
2005  1 21   44   12    0    0 9999
2005  1 22 9999 9999    0    0    0
2005  1 23 9999 9999    0    0    0
2005  1 24   42   17    0    0    0
2005  1 25   43   17    0    0    0
2005  1 26 9999 9999    0    0    0
2005  1 27 9999 9999    0    0    0
2005  1 28   33   23    0    0    0
2005  1 29   41   18    0    0    0
2005  1 30   32   18   26   29    3
2005  1 31   35   11    7    7    3
2005  2  1   33   11    2    2    3
2005  2  2   28    6 9998 9998    3
2005  2  3   31    1    0    0    3
2005  2  4   33    4    0    0    2
2005  2  5   32    4    0    0    2
2005  2  6   33    6    0    0    2
2005  2  7   32   15    0    0    2
2005  2  8   31   11 9998 9998    2
2005  2  9   30    4    0    0    2
2005  2 10   38   10    0    0    2
2005  2 11   34   11    0    0    2
2005  2 12   36   20    0    0    2
2005  2 13   39   21   11    0    0
2005  2 14   43   17    0    0    0
2005  2 15   44   17    0    0    0
2005  2 16   47   21 9998 9998    0
2005  2 17   42   20    0    0    0
2005  2 18   43   21    0    0    0
2005  2 19   37   22    1    1    0
2005  2 20   45   20    0    0    0
2005  2 21   44   17    0    0    0
2005  2 22   43   20    0    0    0
2005  2 23   45   25    6    9    1
2005  2 24   32   17   34   50    5
2005  2 25   38   13    0    0    1
2005  2 26   37   13    0    0    1
2005  2 27   37   16 9998 9998    1
2005  2 28   41   14    0    0 9999
2005  3  1   46   18    0    0    0
2005  3  2   43   15    0    0    0
2005  3  3   46   18    0    0    0
2005  3  4   41   17    0    0    0
2005  3  5   46   18    0    0    0
2005  3  6   46   19    0    0    0
2005  3  7   52   20    0    0    0
2005  3  8   54   20    0    0    0
2005  3  9   50   20    0    0    0
2005  3 10   58   21    0    0    0
2005  3 11   57   13    0    0    0
2005  3 12   57   14    0    0    0
2005  3 13   62   20    0    0    0
2005  3 14   52   16    1    1    0
2005  3 15   22   11   36   44    4
2005  3 16   29    3    0    0    2
2005  3 17   31    5    0    0    1
2005  3 18   43   15    0    0    0
2005  3 19   45   16    0    0    0
2005  3 20   46   19    0    0    0
2005  3 21   48   25    0    0    0
2005  3 22   41   20    0    0    0
2005  3 23   50   24    0    0    0
2005  3 24   47   16    2    3    0
2005  3 25   47   17 9998 9998    0
2005  3 26   38   22    8   11    1
2005  3 27   39   16    2    5    0
2005  3 28   50   16    0    0    0
2005  3 29   61   23    0    0    0
2005  3 30   45   16 9998 9998    0
2005  3 31   36   22 9998 9998    0
2005  4  1   39   11    0    0    0
2005  4  2   51   15    0    0    0
2005  4  3   59   19    0    0    0
2005  4  4   62   23    0    0    0
2005  4  5   60   29    0    0    0
2005  4  6   50   22    0    0    0
2005  4  7   59   19    0    0    0
2005  4  8   64   24    0    0    0
2005  4  9   56   20 9998    0    0
2005  4 10   51   24    2    4    0
2005  4 11   34   12   10 9998    0
2005  4 12   49   12    0    0    0
2005  4 13   55   24    0    0    0
2005  4 14   63   25    0    0    0
2005  4 15   67   24    0    0    0
2005  4 16   62   28    0    0    0
2005  4 17   64   30 9998    0    0
2005  4 18   58   27 9998    0    0
2005  4 19   64   27    0    0    0
2005  4 20   63   27    0    0    0
2005  4 21   63   24    0    0    0
2005  4 22   59   23    0    0    0
2005  4 23   60   28    0    0    0
2005  4 24   65   32    5    0    0
2005  4 25   49   34    7    0    0
2005  4 26   46   27   10 9998    0
2005  4 27   58   28    0    0    0
2005  4 28   56   29    0    0    0
2005  4 29   50   25    0    0    0
2005  4 30   49   20    1 9998    0
2005  5  1   56   24    0    0    0
2005  5  2   56   24   41 9998    0
2005  5  3   47   31   57    0    0
2005  5  4   52   29 9998    0    0
2005  5  5   56   32   11    0    0
2005  5  6   60   33    1    0    0
2005  5  7   64   32 9998    0    0
2005  5  8   54   30    0    0    0
2005  5  9   61   24    0    0    0
2005  5 10   66   33    0    0    0
2005  5 11   66   34    0    0    0
2005  5 12   55   19    0    0    0
2005  5 13   59   24    0    0    0
2005  5 14   62   30    0    0    0
2005  5 15   62   33 9998    0    0
2005  5 16   66   36 9998    0    0
2005  5 17   72   39    0    0    0
2005  5 18   64   29    0    0    0
2005  5 19   71   36    0    0    0
2005  5 20   77   42    0    0    0
2005  5 21   81   43    0    0    0
2005  5 22   83   41    0    0    0
2005  5 23   82   43    0    0    0
2005  5 24   81   42    0    0    0
2005  5 25   80   44    0    0    0
2005  5 26   79   38 9998    0    0
2005  5 27   72   34    0    0    0
2005  5 28   72   34    0    0    0
2005  5 29   67   36    9    0    0
2005  5 30   70   36   23    0    0
2005  5 31   66   32    0    0    0
2005  6  1   65   37 9998    0    0
2005  6  2   71   37    0    0    0
2005  6  3   72   38    0    0    0
2005  6  4   65   31 9998    0    0
2005  6  5   60   31    3    0    0
2005  6  6   69   37    0    0    0
2005  6  7   71   34    0    0    0
2005  6  8   68   33    0    0    0
2005  6  9   71   37    0    0    0
2005  6 10   69   40    0    0    0
2005  6 11   66   30 9998    0    0
2005  6 12   64   33    1    0    0
2005  6 13   63   34    0    0    0
2005  6 14   70   36    0    0    0
2005  6 15   76   41    0    0    0
2005  6 16   79   40    2    0    0
2005  6 17   78   41    0    0    0
2005  6 18   78   40    0    0    0
2005  6 19   81   44    0    0    0
2005  6 20   82   46    0    0    0
2005  6 21   83   47    0    0    0
2005  6 22   74   45    0    0    0
2005  6 23   74   46   40    0    0
2005  6 24   78   44    0    0    0
2005  6 25   75   45 9998    0    0
2005  6 26   67   42 9998    0    0
2005  6 27   74   44 9998    0    0
2005  6 28   77   39    0    0    0
2005  6 29   74   35    1    0    0
2005  6 30   82   42    0    0    0
2005  7  1   77   44 9998    0    0
2005  7  2   79   46    0    0    0
2005  7  3   82   43    0    0    0
2005  7  4   79   43    0    0    0
2005  7  5   77   43    0    0    0
2005  7  6   76   44    0    0    0
2005  7  7   78   44 9998    0    0
2005  7  8   80   47    0    0    0
2005  7  9   83   46    0    0    0
2005  7 10   77   45    0    0    0
2005  7 11   77   45    0    0    0
2005  7 12   81   45    0    0    0
2005  7 13   82   47    1    0    0
2005  7 14   81   50 9998    0    0
2005  7 15   86   50    2    0    0
2005  7 16   82   45    0    0    0
2005  7 17   82   48    7    0    0
2005  7 18   83   43    0    0    0
2005  7 19   82   43    1    0    0
2005  7 20   83   46    0    0    0
2005  7 21   86   48 9998    0    0
2005  7 22   85   51    0    0    0
2005  7 23   84   48    0    0    0
2005  7 24   80   51    0    0    0
2005  7 25   78   52    7    0    0
2005  7 26   68   48   63    0    0
2005  7 27   75   43    0    0    0
2005  7 28   72   44 9998    0    0
2005  7 29   76   43    0    0    0
2005  7 30   78   41    0    0    0
2005  7 31   80   44    0    0    0
2005  8  1   78   46    0    0    0
2005  8  2   79   45    0    0    0
2005  8  3   80   48    2    0    0
2005  8  4   79   49 9998    0    0
2005  8  5   71   49   24    0    0
2005  8  6   68   45    4    0    0
2005  8  7   72   46    0    0    0
2005  8  8   74   43 9998    0    0
2005  8  9   79   47    0    0    0
2005  8 10   78   51    0    0    0
2005  8 11   80   49 9998    0    0
2005  8 12   69   49   75    0    0
2005  8 13   69   47 9998    0    0
2005  8 14   70   45    0    0    0
2005  8 15   68   43    0    0    0
2005  8 16   70   43    1    0    0
2005  8 17   70   43    4    0    0
2005  8 18   73   40    0    0    0
2005  8 19   75   42    0    0    0
2005  8 20   73   44    0    0    0
2005  8 21   74   44    5    0    0
2005  8 22   73   43    3    0    0
2005  8 23   73   44   10    0    0
2005  8 24   72   40   13    0    0
2005  8 25   73   42    0    0    0
2005  8 26   76   44 9998    0    0
2005  8 27   74   42    4    0    0
2005  8 28   72   40    0    0    0
2005  8 29   73   41    0    0    0
2005  8 30   75   40    0    0    0
2005  8 31   81   44    0    0    0
2005  9  1   79   40    0    0    0
2005  9  2   70   38 9998    0    0
2005  9  3   74   36    0    0    0
2005  9  4   68   42    3    0    0
2005  9  5   72   45    2    0    0
2005  9  6   76   46    0    0    0
2005  9  7   73   44    4    0    0
2005  9  8   74   45    0    0    0
2005  9  9   73   49   19    0    0
2005  9 10   72   46   29    0    0
2005  9 11   71   37    0    0    0
2005  9 12   72   37    0    0    0
2005  9 13   69   34    0    0    0
2005  9 14   67   28    0    0    0
2005  9 15   66   30    0    0    0
2005  9 16   65   29    0    0    0
2005  9 17   74   35    0    0    0
2005  9 18   74   34    0    0    0
2005  9 19   77   35    0    0    0
2005  9 20   74   36    0    0    0
2005  9 21   75   41    0    0    0
2005  9 22   75   42 9998    0    0
2005  9 23   67   38    6    0    0
2005  9 24   71   39    0    0    0
2005  9 25   74   40    0    0    0
2005  9 26   75   34    0    0    0
2005  9 27   73   37    0    0    0
2005  9 28   62   45   55    0    0
2005  9 29   62   40   25    0    0
2005  9 30   55   37    8    0    0
2005 10  1   69   37    0    0    0
2005 10  2   69   36    0    0    0
2005 10  3   72   34    0    0    0
2005 10  4   69   35    3    0    0
2005 10  5   67   31    8    0    0
2005 10  6   67   30 9998    0    0
2005 10  7   60   30    0    0    0
2005 10  8   64   29    0    0    0
2005 10  9   68   33   25    0    0
2005 10 10   50   30   98   23    2
2005 10 11   46   30    3    0 9999
2005 10 12   46   28    0    0 9999
2005 10 13   53   29    0    0    0
2005 10 14   59   31    0    0    0
2005 10 15   64   30    0    0    0
2005 10 16   59   31    0    0    0
2005 10 17   61   33    0    0    0
2005 10 18   63   31    0    0    0
2005 10 19   64   31   16    0    0
2005 10 20   64   30    8    0    0
2005 10 21   59   29    0    0    0
2005 10 22   59   27    0    0    0
2005 10 23   61   27    0    0    0
2005 10 24   61   24    0    0    0
2005 10 25   58   24    0    0    0
2005 10 26   58   28    0    0    0
2005 10 27   60   23    1    0    0
2005 10 28   55   29    0    0    0
2005 10 29   58   27    0    0    0
2005 10 30   58   22    0    0    0
2005 10 31   55   18    0    0    0
2005 11  1   59   18    0    0    0
2005 11  2   55   17    0    0    0
2005 11  3   65   23    0    0    0
2005 11  4   54   26    0    0    0
2005 11  5   58   18    0    0    0
2005 11  6   51   15    0    0    0
2005 11  7   57   20    0    0    0
2005 11  8   64   20    0    0    0
2005 11  9   64   27    0    0    0
2005 11 10   57   30    0    0    0
2005 11 11   59   23    0    0    0
2005 11 12   56   26    5    0    0
2005 11 13   52   19    0    0    0
2005 11 14   51   19    0    0    0
2005 11 15   53   -1    3 9998    0
2005 11 16   35    4    0    0    0
2005 11 17   41   11    0    0    0
2005 11 18   46   12 9998 9998    0
2005 11 19   46   15    0    0    0
2005 11 20   44   10    0    0    0
2005 11 21   49   23    0    0    0
2005 11 22   53   24    0    0    0
2005 11 23   51   14    0    0    0
2005 11 24   52   16    0    0    0
2005 11 25   47   17    0    0    0
2005 11 26   48    7    0    0    0
2005 11 27   49    0    0    0    0
2005 11 28   31   -6    0    0    0
2005 11 29   29   -2    0    0    0
2005 11 30   31    4    0    0    0
2005 12  1   45    4    0    0    0
2005 12  2   43    7    0    0    0
2005 12  3   50   14    6    6    1
2005 12  4   39    1 9998 9998    0
2005 12  5   24  -11    0    0    0
2005 12  6   24  -10    0    0    0
2005 12  7   26   -4    2    2    0
2005 12  8   20  -16    0    0    0
2005 12  9   22   -9    0    0    0
2005 12 10   33    0    0    0    0
2005 12 11   41    4    0    0    0
2005 12 12   43   13    0    0    0
2005 12 13   36   10    0    0    0
2005 12 14   40    3    0    0    0
2005 12 15   32  -10    0    0    0
2005 12 16   28   -9    0    0    0
2005 12 17   25   -6    0    0    0
2005 12 18   32   -5    0    0    0
2005 12 19   40   -5    0    0    0
2005 12 20   41    9    0    0    0
2005 12 21   47   13    0    0    0
2005 12 22   47    9    0    0    0
2005 12 23   47   15    0    0    0
2005 12 24   49   15    0    0    0
2005 12 25   54   12    0    0    0
2005 12 26   48   13    0    0    0
2005 12 27   51   16    0    0    0
2005 12 28   44   12    0    0    0
2005 12 29   47   14    0    0    0
2005 12 30   46    4    0    0    0
2005 12 31   46   10    0    0    0
